10000
3 3
4 81
9 69
3 41
4 84
8 81
1 55
3 23
6 22
3 6
6 53
10 86
1 5
3 90
5 16
4 39
8 48
5 93
2 77
4 20
4 15
2 31
10 0
10 32
10 17
10 6
2 82
9 20
1 41
4 56
1 7
9 8
10 16
8 33
9 91
4 65
5 25
5 88
2 30
3 56
9 21
3 52
1 58
5 34
2 22
10 84
8 35
4 58
5 56
9 25
3 5
8 54
6 49
8 58
1 49
8 77
7 81
10 79
10 86
4 93
5 66
2 89
3 88
7 9
7 75
7 5
2 70
1 10
3 4
5 88
3 77
6 64
5 63
9 12
10 60
7 72
1 23
4 40
2 27
7 40
9 84
9 87
3 57
5 80
10 2
2 15
6 27
7 53
9 81
1 99
2 21
6 70
4 45
3 67
1 3
8 66
1 28
5 88
4 75
4 2
3 54
5 6
7 14
10 46
8 40
1 21
6 82
9 67
1 72
9 13
9 28
5 55
3 79
5 68
8 23
6 63
3 24
10 19
10 80
8 16
3 46
9 90
8 97
2 73
1 100
4 77
7 1
1 17
4 43
1 42
4 24
6 16
8 18
2 36
2 59
5 95
6 47
3 33
5 33
2 65
9 34
5 53
6 20
4 67
10 16
7 62
10 44
8 32
10 96
8 49
2 94
10 13
6 32
1 21
9 53
4 45
8 13
4 4
9 35
2 85
4 61
7 10
4 8
1 76
3 84
3 16
2 2
10 95
7 52
1 12
10 98
2 24
2 46
10 47
4 19
3 47
10 67
9 35
9 0
8 80
5 55
10 80
9 81
2 13
8 75
5 3
7 69
5 7
8 67
10 66
7 100
6 6
2 91
6 33
4 56
1 75
7 78
9 22
2 30
8 4
4 4
3 30
8 63
5 23
3 91
6 80
5 10
6 84
7 56
8 48
10 62
9 59
1 55
5 4
9 13
1 1
10 84
9 51
5 55
2 63
5 21
5 32
8 44
1 83
5 78
5 47
9 25
2 9
5 6
8 52
1 69
2 49
2 31
9 84
5 14
7 2
5 59
3 64
4 27
2 22
1 36
3 94
5 95
7 95
8 32
7 56
9 17
1 57
10 0
1 96
10 67
6 30
10 30
6 90
9 88
4 30
8 49
3 26
7 21
5 34
2 53
4 86
2 16
5 98
3 82
3 23
2 31
5 21
7 14
1 84
9 44
9 17
1 97
5 26
9 67
8 37
1 19
4 58
8 21
8 96
7 39
5 26
5 80
5 2
6 39
3 51
1 43
10 93
8 4
5 91
2 21
2 96
2 1
6 69
2 14
2 31
2 29
3 0
3 40
10 83
9 92
9 28
4 61
2 99
2 38
5 32
8 57
8 41
5 70
9 11
5 84
8 82
7 10
4 10
1 87
10 92
4 0
8 73
8 29
8 41
5 6
4 52
4 54
10 98
10 86
3 46
8 44
4 98
10 46
6 90
4 72
3 84
5 65
9 56
7 8
5 28
5 98
6 79
3 28
5 16
10 76
4 4
9 30
8 49
6 67
3 83
10 67
6 96
9 12
1 84
3 73
2 95
1 31
9 39
2 65
3 17
7 55
5 34
10 92
7 74
8 88
8 37
10 48
2 5
8 92
3 11
4 69
10 84
8 45
9 60
1 80
9 34
2 64
2 29
10 60
3 100
9 2
6 12
6 69
7 4
7 39
6 55
6 88
3 85
5 84
8 61
9 53
5 78
8 17
2 88
7 4
1 27
3 19
9 99
2 33
1 63
4 6
7 71
4 25
8 96
9 95
7 55
10 3
3 75
7 70
5 88
3 14
7 55
7 58
3 69
3 18
6 96
7 80
8 71
3 82
4 93
3 75
10 74
5 67
7 20
3 67
8 86
8 85
10 60
2 19
5 84
10 88
2 3
4 45
5 33
2 98
9 22
4 8
7 68
9 59
3 20
9 74
4 19
7 14
4 93
9 17
8 17
2 96
10 47
8 61
6 42
9 54
6 72
2 5
6 79
6 26
4 62
8 31
4 85
9 58
8 57
4 7
4 97
2 17
7 51
7 40
6 43
2 81
4 43
9 24
6 13
10 77
10 55
7 65
8 5
1 85
4 32
7 63
9 32
10 56
3 88
7 80
3 6
3 88
9 51
6 60
1 9
6 32
8 33
5 24
5 18
3 58
10 34
7 100
7 5
4 17
9 44
9 0
8 32
4 87
1 35
6 32
4 86
7 89
2 63
10 70
7 83
7 17
6 22
4 33
8 81
6 77
8 99
8 61
8 72
5 51
9 2
1 31
1 29
8 26
6 27
2 21
1 2
7 63
6 64
7 63
1 43
1 98
7 87
5 33
8 8
9 52
6 9
4 2
2 0
10 40
10 50
1 51
8 76
5 61
1 77
10 95
10 100
10 2
1 10
2 69
6 72
2 44
2 64
2 89
10 38
9 52
6 14
2 60
8 73
7 10
9 73
6 88
3 68
7 36
3 60
9 92
4 27
6 67
4 83
5 52
8 71
4 46
2 36
8 67
1 37
1 79
1 41
10 8
7 100
10 50
10 82
3 95
4 32
10 37
2 55
6 0
4 36
10 57
8 57
4 67
5 57
7 83
8 4
4 44
9 41
4 28
8 100
2 34
8 57
1 44
7 59
6 13
7 71
5 33
10 2
1 47
1 46
5 65
7 69
3 39
2 92
5 76
8 43
3 34
1 35
10 60
4 53
8 8
6 47
9 73
5 41
4 66
9 42
3 79
3 54
8 8
10 8
9 82
10 73
5 33
3 25
7 65
10 41
4 43
4 75
1 9
1 41
3 49
5 49
8 78
1 66
9 47
5 59
6 61
3 71
8 48
1 64
4 6
5 97
7 89
5 91
3 30
5 60
3 98
7 17
6 37
6 6
9 47
8 14
9 4
6 45
4 63
4 46
1 52
7 87
4 52
8 45
4 62
4 32
7 7
5 77
10 59
1 32
1 65
5 39
2 95
5 41
9 54
2 48
9 78
9 14
1 16
6 99
3 50
8 52
6 50
4 25
1 36
6 27
3 3
3 26
9 18
8 88
7 2
2 80
2 88
5 24
7 25
5 54
5 22
8 14
7 63
3 13
5 29
4 98
4 69
1 95
2 45
6 72
9 33
6 71
5 74
7 17
6 49
8 98
6 69
2 54
7 38
5 63
4 20
7 62
9 65
5 42
6 86
3 21
2 8
7 24
4 92
8 5
1 70
6 90
3 17
10 40
5 2
3 12
3 26
5 40
3 64
6 94
2 86
2 31
10 95
9 57
9 16
8 4
7 8
6 28
2 89
6 50
5 78
7 78
1 53
9 47
8 5
1 11
5 81
2 5
5 84
1 88
3 61
4 45
1 1
3 2
10 1
1 87
3 59
10 40
10 78
7 59
6 31
3 95
9 97
10 17
8 13
9 30
2 64
3 37
7 54
4 3
1 38
5 69
3 91
2 21
5 58
9 74
6 13
10 52
9 81
6 97
5 61
1 94
9 24
6 7
3 27
7 39
10 5
5 10
10 67
7 34
2 84
3 10
10 95
8 25
8 51
4 69
2 99
1 44
4 10
2 0
6 66
9 98
6 30
2 65
5 0
8 78
10 1
3 54
6 34
8 70
5 90
2 19
10 72
6 15
6 74
10 36
10 15
4 73
10 53
4 7
6 59
8 5
9 28
8 95
2 72
1 48
4 40
8 96
2 89
4 68
2 11
2 50
5 91
7 28
8 6
3 88
1 64
10 86
7 39
5 71
2 3
3 65
6 36
7 69
2 92
7 92
7 26
7 94
9 54
9 30
4 63
8 62
1 46
2 82
7 61
3 66
8 32
10 3
4 81
7 27
2 19
7 53
5 61
9 86
9 90
2 41
3 65
5 9
4 20
1 69
2 13
2 3
9 13
9 80
6 62
10 3
9 35
5 97
2 29
9 57
10 33
3 19
6 72
2 21
4 51
9 56
7 53
3 50
10 60
1 57
8 22
4 18
2 93
1 19
3 71
9 10
2 58
10 95
5 70
6 61
5 88
6 60
5 9
4 53
7 50
9 3
6 41
7 94
10 19
1 64
10 39
7 39
3 65
6 13
6 90
3 15
2 6
6 47
7 34
8 24
6 52
4 58
4 19
4 82
5 73
9 27
1 83
7 1
4 8
5 15
2 60
6 99
10 8
7 8
2 68
3 32
10 44
1 31
10 70
2 46
9 92
1 27
2 55
10 49
1 37
8 53
5 12
9 83
9 5
8 12
6 53
6 94
6 45
7 83
10 42
8 59
3 5
7 40
7 97
3 21
7 88
4 35
10 71
5 98
1 8
3 79
3 88
2 91
1 48
2 87
5 18
7 42
2 65
3 93
10 47
8 3
9 68
5 70
2 11
4 6
7 100
3 14
1 100
5 99
2 13
3 68
10 3
1 55
1 27
5 55
6 100
4 69
6 35
3 81
2 26
8 45
1 77
2 65
5 28
5 64
8 2
10 5
3 10
5 91
7 65
7 59
10 95
7 74
8 64
7 24
10 92
2 74
2 0
10 8
6 2
6 28
6 76
3 64
2 39
4 9
3 44
10 52
7 13
5 32
5 69
2 58
4 23
4 68
1 74
7 47
5 59
4 55
9 90
3 26
2 97
3 76
9 49
1 59
2 100
6 56
1 38
7 23
7 24
1 68
3 54
8 13
5 50
6 83
3 17
4 54
5 32
3 11
3 88
10 43
6 45
8 63
5 69
3 6
3 50
6 22
7 41
3 72
1 59
5 12
2 78
2 31
2 21
3 37
8 95
9 45
4 86
6 57
9 43
2 29
8 5
5 81
5 16
7 56
8 83
10 68
4 70
6 53
5 67
10 53
5 32
8 38
1 82
2 12
2 100
2 63
3 7
8 32
10 74
4 4
5 21
7 100
3 72
5 65
10 54
7 85
1 21
7 79
8 5
9 35
6 51
2 58
8 56
8 86
8 0
3 14
7 43
7 59
6 44
4 18
6 94
1 5
3 70
10 87
7 51
2 19
2 70
10 83
2 37
9 19
6 49
3 84
8 36
4 83
9 46
6 6
9 42
8 62
8 62
1 17
10 84
3 31
5 61
2 8
3 98
5 18
5 15
8 30
6 79
2 36
5 14
3 25
3 63
10 14
8 99
1 24
5 9
1 75
7 69
6 5
2 2
4 86
3 3
1 66
6 25
8 26
7 92
9 54
10 93
7 29
1 8
4 11
3 34
2 31
5 99
2 56
7 25
6 16
4 73
10 86
1 56
10 52
5 76
2 46
1 81
8 11
10 54
8 41
10 22
7 97
8 68
10 90
9 24
5 49
10 80
9 45
9 76
7 96
2 8
9 73
1 5
4 17
3 25
1 49
4 87
2 63
6 14
4 33
8 66
9 80
8 35
6 55
1 35
10 72
1 71
4 28
5 86
10 76
5 68
3 96
9 41
3 77
3 67
9 16
4 88
2 94
10 20
6 73
2 95
10 92
4 9
7 13
3 43
2 64
9 70
1 51
9 96
1 47
8 7
2 53
6 71
10 28
7 38
5 84
2 90
7 52
3 85
4 48
3 8
2 46
7 84
1 1
3 26
1 89
6 62
6 18
6 65
8 46
8 95
10 77
5 39
2 58
2 88
9 82
5 29
3 47
6 78
5 51
4 84
4 1
4 55
10 69
2 63
7 81
3 17
6 75
2 71
3 84
10 34
8 87
9 17
4 99
5 58
2 40
8 89
7 89
9 74
6 60
10 85
2 99
2 74
8 53
10 0
5 35
4 80
1 47
4 14
5 87
1 90
5 19
8 24
6 75
9 9
5 72
9 17
2 3
8 1
4 69
8 89
8 65
2 43
8 89
4 38
2 64
9 19
5 92
9 45
7 92
9 80
9 16
8 35
9 73
7 80
10 47
1 50
4 10
4 46
9 77
6 7
8 84
10 12
10 18
6 67
7 21
3 73
5 47
2 89
9 8
2 56
10 51
7 94
5 38
8 7
5 38
6 44
3 32
8 84
9 95
10 54
2 39
9 71
10 88
5 88
2 0
2 90
5 98
6 52
7 86
1 86
8 13
5 32
10 2
8 71
3 25
6 61
2 80
2 29
6 5
6 17
10 91
5 73
1 97
1 1
4 85
1 24
5 4
1 71
7 96
3 15
6 87
9 18
4 51
9 27
6 57
9 87
7 35
7 51
10 39
3 99
8 90
9 2
4 8
7 49
6 81
8 6
7 66
10 75
5 44
2 52
2 8
8 26
10 83
3 98
10 89
8 22
5 53
9 75
3 14
7 42
9 5
10 93
5 19
3 10
6 12
7 22
5 34
10 76
10 73
6 77
4 55
4 52
9 55
9 14
6 90
8 72
9 49
8 40
3 81
1 47
8 54
4 22
5 87
2 20
9 10
10 57
10 79
2 37
5 1
10 50
10 42
4 36
8 77
8 89
3 63
8 69
3 9
4 25
1 70
7 67
5 5
6 85
9 56
1 22
10 65
5 36
6 96
6 13
5 5
5 72
9 27
6 44
3 56
1 1
4 15
5 44
6 83
10 53
9 74
7 50
9 76
3 41
4 39
9 28
1 69
2 9
10 93
7 32
7 33
9 59
3 14
7 63
8 23
2 74
3 86
4 18
5 29
10 79
3 55
10 100
2 6
7 23
4 48
2 6
3 41
9 65
6 80
2 10
9 18
4 37
7 91
2 11
7 71
2 11
8 76
3 94
3 99
10 44
7 33
5 42
9 51
6 58
10 61
6 90
2 17
2 8
10 73
10 76
6 29
10 49
1 56
5 0
1 100
8 14
10 2
3 39
2 83
9 23
6 33
7 34
10 39
10 50
10 77
3 0
4 62
10 50
1 23
8 6
6 65
5 78
1 1
1 81
8 86
9 94
10 23
7 73
9 83
9 27
10 27
2 27
6 32
5 55
6 98
5 33
8 50
4 83
6 72
2 72
4 45
5 11
4 48
10 45
5 96
2 32
10 13
3 81
6 13
10 36
8 91
2 5
1 90
8 61
3 55
6 66
4 63
7 89
9 14
9 24
9 81
1 12
9 66
7 47
3 50
4 12
8 62
10 40
6 50
2 89
3 26
6 60
6 34
3 25
9 76
3 77
7 33
10 53
8 10
6 25
10 68
3 47
4 13
2 3
10 8
10 26
5 14
2 42
5 97
4 88
3 85
5 0
10 2
1 85
1 81
9 80
2 43
9 6
4 72
8 75
7 25
8 63
1 72
2 69
4 53
7 49
9 26
4 55
3 68
3 51
1 27
4 51
1 37
2 67
7 29
6 21
10 0
5 40
1 7
8 6
9 3
1 64
4 48
8 97
4 7
9 7
6 29
9 65
10 59
7 78
10 54
8 10
3 33
6 27
4 14
1 88
4 22
4 33
10 60
3 29
4 80
4 47
9 73
10 36
9 2
4 25
3 15
9 70
9 52
10 17
9 42
5 66
1 15
2 21
3 11
8 2
1 1
2 24
1 56
9 70
1 68
8 14
6 29
2 99
9 93
4 69
10 78
7 20
1 52
5 27
1 64
8 74
9 86
7 27
8 65
1 49
8 85
8 56
2 83
4 99
3 43
2 12
6 20
5 17
9 19
10 34
3 10
6 66
7 86
10 75
1 17
1 51
1 35
8 47
7 16
4 11
4 97
6 66
8 32
5 28
10 11
7 45
5 81
8 4
4 24
4 52
8 68
5 37
7 11
8 31
6 80
4 5
2 58
5 50
7 18
4 42
6 44
7 92
10 9
7 61
10 71
2 31
1 19
2 37
8 22
2 19
5 99
4 41
4 92
6 55
9 28
10 86
6 49
7 22
4 12
10 4
10 23
6 9
4 13
3 33
3 63
4 85
9 29
6 22
1 92
10 71
4 73
8 76
3 30
1 9
2 23
4 54
7 87
2 4
4 19
6 5
1 9
9 84
3 75
1 76
10 5
9 12
8 75
9 91
1 60
7 76
3 40
8 45
4 98
8 75
8 45
2 100
5 26
3 95
10 43
9 78
3 81
10 8
6 68
9 19
1 64
5 47
1 65
9 91
8 59
4 48
3 47
3 21
9 50
7 67
9 8
1 7
1 52
10 10
4 75
3 22
8 35
8 43
9 54
7 40
6 93
2 48
3 29
5 41
9 38
3 98
8 66
8 82
8 64
4 91
3 90
10 72
2 85
6 12
4 91
2 98
4 33
5 87
10 77
6 44
10 33
7 100
10 63
9 70
3 70
1 95
4 6
2 98
2 17
10 29
3 53
1 76
10 58
3 93
2 64
8 50
7 50
1 47
1 54
5 2
4 47
5 56
7 47
4 42
5 96
5 7
2 34
4 10
1 95
7 43
3 7
5 13
8 72
7 17
3 30
3 22
3 43
9 53
6 62
8 62
6 36
5 19
7 28
3 55
2 10
7 76
7 0
9 19
9 3
7 24
9 8
5 12
3 13
2 68
8 58
4 22
10 88
5 87
2 71
1 24
1 56
5 99
6 5
8 20
7 45
1 35
3 91
4 67
2 43
10 81
6 79
2 38
4 61
1 54
8 32
4 95
8 43
3 21
9 26
3 93
8 73
10 40
6 97
8 23
8 91
5 99
7 98
2 100
3 26
4 52
8 16
4 10
1 28
6 45
2 3
5 96
4 26
9 59
2 83
1 35
6 2
6 90
8 46
9 29
10 51
4 12
3 1
9 84
1 71
7 77
6 81
4 40
6 7
1 30
1 50
3 53
2 80
7 86
8 86
8 97
7 52
9 74
9 29
4 57
1 66
10 22
10 9
10 27
1 81
10 86
7 60
8 94
4 85
10 34
2 82
5 92
7 10
2 43
1 69
8 64
7 27
1 75
2 84
7 70
8 96
6 82
2 5
9 81
5 54
4 71
3 64
3 81
6 53
9 90
9 76
6 48
7 33
7 46
3 16
4 46
9 24
4 49
7 100
7 30
9 53
10 71
1 56
5 20
4 7
5 57
4 8
6 46
7 86
7 93
3 84
2 90
2 18
2 39
6 100
2 47
9 65
2 63
10 94
8 61
1 40
6 33
4 94
4 84
6 3
3 36
10 74
3 85
10 97
4 39
4 76
2 25
5 47
6 17
4 0
4 35
2 34
10 45
3 42
9 69
6 52
10 11
3 48
7 96
8 80
6 69
10 78
9 61
1 95
4 99
3 65
7 36
9 71
2 61
7 73
8 3
1 71
9 68
10 99
10 46
4 98
7 59
6 34
4 7
1 1
8 55
1 67
3 3
4 1
7 91
2 3
4 0
7 26
3 68
3 66
5 97
6 29
3 1
8 90
8 74
9 66
8 55
4 79
3 26
6 2
10 81
10 46
10 3
4 18
1 50
4 34
6 73
6 26
8 25
8 62
10 75
7 61
7 39
5 29
3 37
3 95
1 78
8 61
3 89
5 48
1 89
7 88
10 46
2 10
5 57
3 15
3 18
2 16
6 71
6 85
6 73
9 68
10 17
2 16
10 88
10 73
1 28
10 7
2 29
8 44
9 65
10 38
5 19
4 3
5 88
4 8
6 58
10 55
10 50
8 70
1 24
5 38
8 84
5 40
2 67
10 81
1 71
5 47
3 9
3 31
7 37
9 1
5 70
7 22
4 48
4 0
5 35
3 26
9 63
5 1
1 14
8 0
5 68
10 63
9 91
1 30
7 2
9 4
4 11
5 89
7 4
7 85
8 69
2 94
5 22
4 9
1 67
4 23
6 88
2 24
1 35
4 91
5 42
10 43
4 57
10 91
8 100
3 56
1 93
5 2
4 83
4 56
8 50
10 76
10 66
3 89
3 62
6 63
6 57
10 69
2 5
7 1
2 61
4 99
2 5
5 61
3 93
1 77
5 38
1 62
3 47
1 46
2 59
3 68
5 61
6 63
6 85
1 75
5 41
8 0
8 73
8 88
4 2
3 50
8 89
2 3
2 27
2 43
6 63
2 70
6 20
8 19
4 21
9 83
6 53
4 95
6 70
9 43
6 44
6 82
10 88
9 60
4 58
6 70
7 60
9 25
6 25
8 13
3 52
5 53
4 63
2 86
7 23
1 89
7 82
7 29
6 58
4 78
6 99
4 89
3 31
9 34
5 80
6 14
8 49
10 80
9 95
7 30
5 13
1 100
8 60
3 9
1 73
8 26
6 94
6 99
5 81
4 47
4 95
7 39
1 89
3 7
4 82
7 84
7 6
1 74
8 83
7 51
4 84
9 1
7 93
4 44
6 100
6 20
8 61
1 44
7 22
9 0
5 94
8 56
6 94
2 54
4 76
3 72
10 92
7 98
5 44
7 67
2 79
1 26
7 2
1 79
5 98
8 54
9 7
9 54
9 88
7 36
9 33
6 14
3 78
9 64
8 11
1 40
10 85
2 35
5 41
2 25
9 46
2 23
8 100
10 24
1 0
5 58
8 37
4 47
1 97
7 76
3 41
5 37
5 40
5 3
4 58
8 93
2 14
8 79
7 82
8 41
1 8
10 22
1 68
2 32
9 28
8 91
10 95
2 59
1 34
10 60
1 1
3 66
8 11
4 49
1 54
6 66
4 13
10 39
1 77
8 14
7 80
10 15
6 94
1 13
5 66
4 53
4 25
3 79
4 83
6 38
7 24
1 36
10 65
10 62
9 42
10 60
1 64
8 76
4 64
1 80
7 37
2 55
4 12
9 87
7 27
3 68
9 100
3 26
5 15
6 65
8 26
6 8
4 80
7 43
9 8
4 70
10 89
8 43
1 19
10 86
7 84
2 37
2 87
3 46
6 7
1 66
2 37
3 71
1 62
8 71
1 24
9 5
7 18
8 4
7 33
7 75
2 6
1 32
10 80
2 87
8 36
6 95
8 10
8 49
4 45
4 7
5 63
1 14
4 65
3 33
10 87
6 91
7 73
1 33
10 56
7 52
3 1
3 72
7 13
9 84
5 78
1 38
6 50
3 38
6 81
2 7
6 87
1 87
7 42
5 48
9 20
4 17
2 93
6 76
8 90
1 27
5 100
6 62
8 50
10 31
10 100
6 12
4 61
10 3
3 13
5 36
7 70
9 37
2 35
7 54
9 48
1 4
7 62
2 89
5 83
8 91
4 47
9 13
5 100
10 15
4 71
3 9
5 53
7 30
2 100
3 31
2 85
1 26
5 25
2 21
1 3
8 2
5 63
8 77
7 0
7 58
10 9
5 83
8 16
5 44
4 94
9 24
6 45
1 99
9 21
2 99
3 56
6 43
1 7
9 55
7 36
9 37
1 43
3 80
4 45
7 82
6 60
7 13
7 84
7 40
7 43
2 96
9 14
4 57
1 31
2 41
3 31
7 69
10 1
1 75
2 98
2 15
6 36
4 59
3 30
6 46
7 91
9 9
10 2
7 43
3 29
10 60
4 3
1 5
7 95
4 11
10 8
2 24
9 38
4 54
3 22
9 98
3 98
9 80
3 64
7 82
2 11
2 81
2 1
7 34
3 11
4 79
9 54
1 59
10 6
2 52
1 29
9 72
7 15
6 27
7 64
2 87
2 90
9 23
4 96
4 47
4 7
1 59
2 61
2 86
8 45
7 36
1 3
9 71
4 27
2 86
1 4
6 98
9 79
8 2
5 41
3 4
1 59
10 30
1 77
3 63
10 13
9 47
8 81
2 5
6 84
9 4
8 37
9 68
4 87
4 29
2 30
4 65
4 5
7 12
10 76
9 5
2 52
2 91
3 63
8 58
5 58
4 43
5 46
10 22
2 12
7 10
8 93
4 19
7 36
4 69
4 71
2 91
3 88
2 51
7 75
3 22
4 57
8 23
3 9
8 16
6 8
3 19
2 36
2 86
9 9
7 14
7 29
10 29
1 31
6 38
8 91
10 86
4 75
2 83
3 83
9 83
6 16
2 8
7 84
8 17
8 40
2 19
8 72
5 79
7 71
4 26
7 91
7 90
1 2
6 28
5 88
8 51
5 23
3 64
5 20
4 79
1 99
9 81
10 20
3 84
4 85
3 23
6 76
6 35
1 19
2 97
2 68
3 95
7 53
8 50
6 91
1 11
8 65
6 61
3 86
8 73
5 50
4 30
5 60
7 26
8 97
1 59
1 100
8 80
3 85
8 39
4 52
8 93
8 8
9 74
9 6
6 74
8 81
4 32
2 24
1 79
10 93
3 98
8 78
8 34
6 34
3 51
3 1
8 9
3 33
5 17
4 26
5 58
3 80
7 27
1 99
6 13
5 24
1 15
1 6
3 50
1 86
2 9
2 65
2 98
7 49
2 45
3 18
5 94
5 19
3 28
3 56
5 0
10 53
8 55
1 61
3 94
7 94
3 14
4 46
2 100
4 82
7 51
10 6
4 87
6 4
6 77
3 1
10 34
9 45
1 0
10 8
1 82
3 31
9 4
5 69
3 5
3 15
9 41
4 33
8 32
10 97
6 33
9 70
5 64
5 8
8 28
7 48
1 100
9 6
10 74
6 95
6 80
10 96
3 49
7 8
2 29
2 73
5 100
4 40
6 50
1 83
9 0
8 78
2 87
2 78
8 45
9 12
4 81
5 52
3 58
10 92
8 96
6 15
5 3
10 24
7 93
4 66
3 53
1 20
5 86
10 76
1 78
6 56
2 5
8 91
6 100
2 64
1 46
5 32
1 12
4 94
2 53
5 36
9 92
7 51
10 98
3 29
8 73
6 7
2 82
7 86
7 76
6 31
8 23
10 43
1 21
10 70
1 42
10 40
10 15
10 9
10 54
6 30
9 13
5 48
5 47
1 40
3 9
7 64
2 43
8 37
3 28
2 91
5 14
4 4
8 57
5 51
7 7
2 5
4 34
3 49
8 20
5 71
3 35
7 67
8 10
5 53
10 87
8 19
10 5
1 13
2 37
7 0
8 10
10 57
5 83
8 84
2 57
6 53
1 23
8 70
3 16
10 100
9 48
9 46
9 35
8 22
1 50
4 20
9 24
3 98
9 53
2 46
10 15
5 8
1 65
8 14
4 51
1 57
2 54
2 21
8 5
1 30
4 48
2 2
7 50
10 62
6 93
8 64
8 12
8 47
4 9
4 94
4 44
1 83
5 77
9 48
3 99
4 88
2 9
2 3
1 12
6 75
6 16
7 96
9 74
5 95
5 97
6 96
8 54
6 51
2 54
8 13
10 26
7 79
10 49
6 34
10 57
7 14
1 17
2 42
4 59
4 23
2 65
1 32
4 72
9 5
4 18
4 50
5 97
5 44
9 26
10 70
8 37
8 59
4 25
10 20
10 12
3 8
1 44
9 72
5 17
8 97
2 34
4 32
2 12
6 64
4 72
3 93
1 87
5 47
9 65
7 3
9 40
6 75
9 77
2 80
10 30
1 39
3 45
6 49
3 81
9 93
8 89
7 5
9 12
9 39
9 40
8 23
2 30
2 49
3 92
10 55
1 77
7 68
9 25
9 40
7 54
8 3
3 90
2 22
3 79
2 88
1 9
8 6
8 52
6 48
5 49
7 5
2 74
2 41
8 74
3 57
9 61
3 60
2 62
8 37
1 61
3 94
2 10
6 7
8 27
4 13
8 1
2 10
3 57
6 22
10 75
1 31
6 42
5 87
7 48
6 52
10 84
5 40
1 73
1 52
10 4
4 17
9 69
5 61
3 79
10 51
5 38
10 82
2 45
4 46
5 0
6 70
7 59
9 4
6 69
6 22
3 53
10 10
9 97
2 78
3 9
8 2
3 18
7 39
7 18
8 34
4 23
7 44
7 48
10 59
10 45
9 93
9 39
3 89
7 54
3 74
6 19
6 56
6 1
4 14
4 5
8 35
10 11
7 88
10 100
5 77
5 10
7 33
1 91
7 53
3 22
2 11
8 11
6 16
10 68
1 9
7 69
8 37
1 58
2 66
5 56
10 13
5 80
10 54
6 79
4 98
10 76
10 90
10 49
6 97
5 10
1 62
5 0
8 2
7 5
9 60
6 60
10 54
1 57
4 97
3 5
9 68
4 16
9 5
3 0
6 49
4 20
10 16
9 41
6 73
6 19
10 51
3 22
2 0
8 98
6 50
7 5
7 93
3 26
10 2
3 94
6 10
4 92
8 71
10 67
1 69
4 23
7 7
3 17
7 72
9 81
7 22
1 69
3 39
1 46
5 52
4 85
2 29
7 76
9 81
8 6
5 91
3 16
10 28
7 79
1 99
4 70
5 1
5 86
1 96
7 73
10 35
2 49
9 98
4 36
3 99
8 90
3 38
9 95
4 96
3 95
4 33
9 97
10 59
9 25
1 6
7 13
10 49
8 54
8 36
10 11
1 18
7 15
3 64
5 86
10 84
10 50
2 77
2 48
3 74
8 49
6 82
9 34
10 8
4 0
4 60
1 23
2 27
7 31
5 85
3 47
1 90
2 14
4 42
4 1
3 79
6 63
4 22
3 33
5 69
9 77
8 62
4 95
6 3
1 69
1 78
7 25
2 73
10 26
8 77
5 31
8 7
1 61
6 53
1 83
7 91
8 13
2 64
2 70
2 70
3 5
6 86
8 33
7 19
2 20
3 35
1 51
10 85
10 63
10 44
9 40
9 71
2 53
7 96
1 4
9 85
1 23
7 24
2 38
6 86
8 61
2 58
2 74
1 77
7 98
2 18
5 83
9 0
2 60
2 50
9 54
1 98
1 40
10 61
4 31
8 37
1 93
6 55
4 17
1 12
5 96
6 83
9 37
3 49
9 61
6 55
9 61
3 40
7 21
8 28
3 16
10 50
6 67
4 65
4 30
8 52
7 85
3 16
6 32
10 35
4 75
10 11
8 37
5 89
4 83
10 10
2 10
6 41
10 99
8 68
9 71
2 91
10 13
9 35
1 83
4 37
3 70
4 95
8 16
10 63
5 43
6 16
8 64
8 19
2 36
1 21
4 51
7 54
2 1
2 78
1 74
4 20
10 71
8 16
9 85
2 58
4 23
3 18
9 15
4 66
1 51
5 5
7 47
10 33
2 90
7 90
3 70
7 37
6 17
7 52
4 21
5 63
1 99
5 6
5 48
2 99
2 83
4 88
5 61
4 65
4 8
7 43
7 55
8 64
6 10
7 64
4 43
7 45
2 67
3 77
2 92
3 4
5 10
9 9
3 54
9 11
5 97
3 51
4 89
1 68
5 12
1 87
5 24
4 87
8 83
6 3
9 86
10 3
8 39
1 73
7 90
10 68
7 49
6 54
1 68
2 36
8 89
9 97
1 4
7 7
4 70
9 57
9 78
7 28
6 56
5 83
7 92
2 74
10 88
4 29
7 68
1 52
3 87
6 28
1 14
7 71
9 60
3 79
3 45
9 58
8 5
2 35
8 36
7 70
6 45
7 90
9 32
8 20
3 95
1 31
7 95
8 89
10 54
6 74
4 36
3 16
9 50
1 30
1 47
9 46
6 0
3 52
1 73
2 98
6 5
8 6
8 25
3 99
10 42
5 64
7 34
3 94
7 95
8 74
9 74
2 23
10 33
10 17
3 23
6 12
2 64
8 15
1 0
5 17
9 3
3 85
6 52
4 99
10 68
9 43
8 97
1 38
3 10
10 24
6 5
10 31
8 47
2 65
10 35
8 35
8 34
3 33
6 95
2 91
4 3
1 91
5 3
6 35
10 77
1 3
8 41
8 57
3 2
6 52
2 34
1 28
8 76
2 9
5 95
8 60
5 32
3 50
9 81
6 71
4 60
2 34
1 32
10 94
6 24
2 84
9 18
10 52
6 54
4 68
6 55
6 45
8 60
9 49
6 43
5 60
6 93
9 41
9 59
3 43
3 14
10 82
7 18
2 2
10 22
5 96
1 12
9 44
1 74
1 76
8 62
3 31
1 47
8 49
7 34
9 54
9 41
5 25
7 81
2 62
9 77
5 96
8 47
6 46
6 58
5 79
5 80
4 81
2 73
10 56
9 61
3 5
9 82
2 13
4 89
4 20
2 9
10 70
9 44
1 60
10 76
4 82
1 28
3 9
2 39
2 29
8 34
9 47
10 70
4 61
3 9
6 29
7 8
8 39
9 19
1 70
2 74
6 49
8 30
4 41
1 58
6 66
8 77
3 62
1 14
10 39
1 61
10 78
5 18
2 68
6 68
5 17
5 30
6 58
10 13
7 52
7 12
3 100
4 90
9 39
10 51
6 65
1 71
10 100
2 61
1 85
2 64
9 61
7 16
1 55
8 88
4 54
7 63
1 73
4 52
8 83
1 20
10 20
9 47
10 62
7 73
1 43
8 44
3 17
2 61
7 77
1 78
2 40
10 60
10 33
1 27
6 92
2 76
9 40
4 45
3 44
1 78
1 78
10 88
4 6
6 98
9 64
8 10
5 30
4 67
2 97
4 42
1 7
8 61
10 35
6 14
10 91
1 40
4 88
9 97
8 79
4 57
7 100
2 72
1 87
2 16
5 31
7 28
1 88
1 32
6 64
2 24
10 23
2 18
9 38
4 94
8 83
9 87
5 13
1 42
10 95
9 48
10 70
4 2
7 36
10 39
6 7
7 84
5 22
1 96
4 46
7 19
1 84
5 47
1 3
3 7
7 32
5 58
4 75
6 79
3 7
9 0
5 25
1 66
3 7
7 58
1 44
4 52
5 89
8 91
10 94
6 89
1 15
6 42
1 11
2 80
10 95
7 32
7 44
9 46
10 9
2 9
8 13
8 79
8 37
9 94
3 21
2 4
8 83
9 46
10 9
1 84
4 34
4 51
4 63
4 31
8 38
9 86
4 39
3 100
6 67
1 61
2 63
7 15
8 93
7 47
8 99
6 23
10 24
8 66
2 87
2 98
3 1
4 45
1 53
10 79
1 0
10 86
7 50
8 55
5 17
5 31
2 66
10 54
9 7
6 60
10 51
6 58
6 40
3 71
5 64
8 46
8 7
1 91
6 78
3 20
8 86
3 56
1 92
2 0
8 76
7 81
2 56
8 68
8 34
7 48
3 27
6 36
4 38
4 87
9 48
2 11
10 2
10 74
3 51
7 91
2 81
4 5
1 62
5 23
1 50
7 28
4 100
7 42
10 1
9 46
5 23
4 96
1 90
9 67
10 91
3 38
2 83
6 15
6 32
7 14
2 33
7 44
5 45
10 6
9 1
7 89
10 27
4 44
2 75
4 65
2 83
8 75
6 20
5 40
1 87
10 70
10 83
3 83
3 47
3 3
1 14
5 28
6 39
3 7
4 89
5 56
4 20
9 55
2 54
1 33
3 71
4 80
5 15
2 4
8 79
2 10
7 68
4 65
3 85
9 64
10 56
4 58
10 46
4 8
1 38
1 65
3 31
2 64
8 34
8 72
4 60
5 77
3 23
10 92
4 7
6 64
9 82
1 36
3 100
2 7
2 50
4 18
7 81
8 1
10 9
7 85
10 4
8 60
1 36
5 23
1 56
4 0
4 55
5 1
8 80
9 69
2 77
9 52
7 63
1 93
1 4
10 50
2 93
7 13
2 92
8 49
8 68
7 7
5 8
4 0
9 77
8 87
7 98
8 32
5 99
8 85
6 30
7 97
10 33
7 40
10 28
2 56
2 62
8 3
9 68
7 13
7 84
2 100
3 38
6 92
8 36
8 50
10 27
6 65
5 15
10 22
3 92
9 44
4 50
7 46
6 12
4 37
7 22
6 84
2 20
1 4
4 27
8 90
8 70
4 81
2 64
2 72
6 59
9 77
2 22
4 82
4 44
2 82
9 63
10 78
10 100
2 29
1 92
1 29
10 74
10 3
9 43
9 63
2 69
2 37
7 69
8 64
1 10
3 91
10 19
3 99
7 56
4 36
8 51
4 12
6 3
6 7
4 63
8 51
7 47
10 93
6 21
6 48
2 56
9 54
10 29
2 62
4 36
9 90
10 13
7 8
4 23
5 40
1 44
5 83
5 39
6 72
8 45
10 35
5 27
7 41
2 6
2 24
2 26
8 45
3 80
1 1
3 34
7 47
10 81
5 62
5 22
8 47
9 34
3 89
9 50
4 36
1 37
1 30
10 78
7 9
8 58
5 31
8 62
2 89
2 1
1 83
4 20
10 44
8 54
9 48
3 91
1 10
7 33
9 80
5 68
10 61
7 20
7 46
8 31
4 67
4 43
6 5
6 47
8 73
2 16
9 99
1 5
8 89
1 93
10 51
10 45
10 78
3 89
6 78
4 18
8 72
1 5
4 11
3 48
4 48
7 95
5 36
4 20
7 30
8 63
5 29
9 86
8 67
8 93
1 76
6 79
10 88
10 97
2 30
1 20
7 43
8 85
10 61
9 3
5 81
5 80
9 9
4 36
6 98
5 40
3 24
10 61
7 88
4 60
10 65
10 49
10 38
5 82
9 76
6 100
2 29
5 48
2 58
10 77
7 0
6 34
1 43
9 5
4 47
8 18
4 19
9 86
10 52
1 71
8 34
10 78
1 26
3 16
5 4
3 80
7 24
5 32
3 81
3 34
1 38
7 97
6 71
4 88
7 32
2 97
4 48
2 79
5 55
7 45
5 78
9 32
2 17
4 28
8 93
5 76
2 56
2 59
8 78
4 3
10 27
6 27
9 34
7 74
7 20
8 9
5 62
10 95
6 12
1 4
10 66
9 99
2 58
5 16
7 36
2 52
4 88
1 29
3 76
3 43
1 6
9 71
4 36
7 18
10 29
4 1
3 75
9 10
6 24
3 38
2 83
3 45
10 39
6 71
7 4
9 74
1 45
1 37
9 36
4 35
10 68
9 23
2 61
5 67
1 77
10 76
10 91
10 31
3 65
8 18
2 52
9 55
2 32
10 57
1 42
4 11
7 100
9 90
8 58
5 82
5 85
3 85
7 62
6 10
4 21
7 88
9 89
6 33
3 37
6 72
1 58
6 18
5 9
8 96
6 61
4 23
5 23
2 97
9 69
8 29
1 90
3 47
8 96
7 82
2 15
7 1
9 21
9 77
2 70
4 89
10 83
1 11
2 84
8 70
3 92
7 97
5 18
9 22
5 4
6 52
2 17
10 50
8 46
3 55
5 46
6 89
3 29
4 16
9 48
4 74
10 51
5 9
10 10
3 21
1 9
4 62
8 32
7 35
8 64
1 81
2 67
4 45
5 24
6 87
8 91
2 25
4 24
3 56
10 71
5 13
8 28
1 24
8 48
4 7
2 73
10 59
4 85
1 87
4 33
3 15
2 0
9 56
8 10
1 87
6 43
1 42
2 98
5 12
5 80
8 64
9 12
7 2
2 10
4 50
8 47
4 66
7 63
2 95
5 80
3 15
4 24
2 18
4 17
6 3
1 18
4 32
8 100
3 37
3 93
1 37
3 63
1 25
4 56
9 15
5 1
2 66
5 76
2 44
7 41
10 89
7 60
10 53
3 82
7 54
1 67
5 60
8 60
10 50
10 35
5 8
1 29
2 4
10 56
1 88
2 7
10 93
5 49
3 82
6 27
7 71
1 31
10 22
9 80
5 33
5 89
6 79
5 70
9 24
9 12
8 9
4 48
8 22
1 81
10 46
8 49
4 47
8 59
4 29
1 18
4 43
2 62
8 68
3 32
4 66
7 60
1 10
8 44
3 67
7 48
1 55
1 46
4 78
8 100
4 45
3 56
6 64
3 81
4 29
5 42
4 44
7 92
7 12
7 11
3 50
4 29
7 58
10 22
9 43
8 48
6 10
7 20
7 88
2 21
8 44
2 94
4 15
8 97
4 44
4 12
10 60
4 36
1 44
6 58
2 5
10 54
2 75
4 74
10 2
6 79
7 81
10 12
9 8
8 42
10 46
2 35
10 9
9 75
10 83
6 85
1 25
2 68
9 82
5 44
1 80
4 82
5 13
6 40
6 24
9 47
8 94
6 91
6 69
6 53
10 63
4 49
6 75
6 17
5 90
2 31
5 48
9 64
5 55
6 44
1 47
5 32
4 40
9 2
3 88
8 94
10 52
4 71
3 68
3 80
4 42
9 69
3 4
9 47
4 25
1 17
3 40
5 33
3 60
5 11
2 48
7 33
7 80
4 14
4 52
4 86
1 6
3 20
10 40
7 39
6 24
5 81
7 28
8 44
7 45
4 53
1 64
10 34
2 84
8 29
4 92
10 62
9 63
2 49
8 19
2 20
9 82
1 68
1 60
6 29
9 38
9 30
3 20
10 7
9 14
4 67
1 38
7 21
9 19
3 71
3 50
9 67
5 81
2 68
4 56
4 33
1 81
3 48
9 21
1 19
4 71
5 99
9 71
10 1
1 43
5 81
7 81
7 82
2 7
3 75
5 12
6 15
1 17
3 63
2 63
5 52
1 53
5 16
8 94
9 71
3 42
7 64
9 87
4 78
5 19
10 65
6 80
4 58
1 59
6 90
10 59
5 59
2 12
2 56
1 9
5 79
1 95
2 91
6 100
2 49
6 4
9 25
2 17
3 84
5 15
3 83
7 4
8 75
6 83
9 39
1 21
7 75
6 18
4 7
3 21
5 86
8 99
4 68
1 37
2 29
2 80
7 90
4 23
9 12
1 8
10 63
9 64
4 9
10 2
10 70
4 6
4 15
8 52
8 28
3 29
10 69
2 41
1 58
6 92
4 35
3 67
7 12
3 97
5 58
4 33
3 34
3 93
3 10
4 7
6 88
8 22
10 91
5 68
1 50
8 5
7 43
4 56
1 4
4 65
9 94
1 94
8 67
1 14
2 27
8 43
2 20
2 1
5 85
10 90
10 91
6 58
3 0
10 61
8 61
6 93
8 4
5 74
10 64
6 88
2 66
5 77
8 84
4 24
8 57
5 65
10 72
4 0
7 29
1 26
10 7
7 64
5 24
6 1
3 11
10 43
3 21
3 5
9 97
6 70
3 0
3 26
4 97
1 47
1 68
8 31
4 68
9 62
8 45
6 78
9 84
3 10
10 40
1 0
9 32
5 10
2 85
8 29
9 30
1 25
5 4
9 63
3 32
8 50
7 18
4 65
7 46
6 63
3 35
5 26
4 1
6 98
9 71
7 16
7 34
10 24
6 17
3 4
7 69
8 31
4 42
4 74
4 68
9 82
4 13
8 50
5 75
2 37
7 36
3 0
4 86
10 56
2 30
6 76
8 57
8 63
6 66
1 4
3 86
3 19
7 98
10 41
9 4
8 48
10 87
1 68
2 41
8 87
7 1
5 65
8 23
7 88
7 48
1 17
5 27
2 1
9 31
3 51
1 20
10 83
4 63
2 69
8 23
2 18
3 91
2 89
6 66
6 25
7 37
8 41
10 42
8 10
2 60
6 95
4 39
1 38
1 25
4 100
4 37
1 61
10 43
10 79
1 52
3 34
9 38
1 20
9 82
3 62
10 94
9 11
3 31
5 1
1 97
3 15
3 97
3 30
9 44
7 28
6 87
5 42
7 22
4 22
2 31
8 48
1 38
7 76
7 14
6 76
3 92
10 9
3 20
9 47
10 8
9 20
4 52
3 48
6 14
6 41
9 6
3 61
7 16
8 78
6 92
8 22
9 83
8 5
3 60
2 73
4 37
1 47
10 2
1 96
6 58
3 84
8 95
8 85
3 85
4 74
7 55
6 61
1 44
6 99
5 4
7 57
4 2
8 98
9 64
4 80
1 30
6 100
1 36
10 57
7 30
5 52
4 99
8 42
2 46
6 27
3 15
8 10
2 39
9 83
7 58
8 74
7 57
1 95
10 43
10 8
7 78
4 96
5 81
2 36
1 94
10 43
3 93
1 97
1 60
6 2
10 85
10 85
10 28
7 77
1 42
6 98
2 51
5 70
9 56
3 92
8 49
5 59
5 8
5 84
8 50
2 4
3 92
7 57
8 34
4 59
1 37
2 71
3 54
1 52
1 17
5 96
4 82
10 100
2 93
1 43
9 6
3 59
8 35
4 32
2 83
7 45
2 89
6 22
8 69
1 2
8 90
1 37
9 29
1 77
9 73
1 59
6 80
7 10
3 15
3 30
8 9
5 64
5 13
7 72
7 99
5 66
7 24
2 73
10 25
7 81
6 40
10 77
7 66
2 55
6 72
3 63
4 9
2 36
1 87
8 68
9 95
3 73
8 50
3 82
10 15
4 42
9 53
3 32
1 51
10 53
4 97
3 95
7 41
5 34
6 18
4 85
10 52
1 51
4 57
10 13
8 87
9 5
10 38
6 24
6 64
8 74
10 89
1 99
7 10
1 79
3 52
9 86
8 5
8 78
9 55
8 67
2 91
1 65
4 41
8 53
5 77
9 55
4 85
1 25
2 26
6 49
9 39
4 69
5 97
10 83
9 81
6 99
5 98
5 13
2 29
1 40
10 56
2 65
9 0
5 26
5 55
2 97
5 48
1 85
8 70
2 41
3 58
3 47
3 99
9 97
4 92
8 6
9 57
8 33
4 48
7 57
1 78
1 23
10 23
8 64
3 46
10 93
1 33
6 70
1 50
9 65
8 90
6 71
1 77
4 86
5 52
3 2
9 98
4 80
5 25
9 92
5 62
1 41
10 11
8 11
8 52
4 19
4 81
9 78
7 8
9 27
1 87
2 45
3 62
2 33
9 85
1 38
2 43
10 61
9 36
5 0
9 75
7 64
6 87
7 92
2 86
6 14
8 99
5 46
3 45
6 23
4 82
2 7
8 11
1 33
3 13
3 66
8 46
10 4
8 75
7 83
9 8
8 45
9 46
1 70
9 98
7 23
4 30
4 87
5 98
2 59
4 33
4 9
3 43
4 13
8 92
7 96
9 99
1 65
3 48
1 51
7 26
1 44
5 84
3 71
7 57
10 30
6 42
6 49
7 83
7 56
3 58
1 44
4 90
8 46
10 48
7 54
10 81
8 18
3 50
10 100
10 71
7 10
4 88
5 100
4 45
4 64
2 2
6 6
4 97
4 71
7 55
10 11
3 18
1 4
5 63
1 71
4 77
6 82
5 64
8 62
4 78
7 97
10 46
3 1
7 95
7 77
3 1
1 31
9 97
1 69
10 2
3 11
7 2
1 58
2 73
1 72
7 57
9 34
8 91
1 49
7 8
8 12
8 89
7 44
6 14
8 62
2 90
5 71
1 85
6 74
6 77
2 22
7 72
5 27
4 22
7 21
7 72
10 51
7 57
3 13
9 3
6 92
2 62
3 58
1 23
3 15
2 58
3 83
5 9
9 19
8 56
3 32
3 50
8 83
10 50
5 77
10 63
6 11
3 15
10 43
5 43
4 67
2 46
8 26
10 76
7 33
1 62
3 22
3 88
3 65
10 50
2 64
6 50
8 100
9 59
2 90
7 84
2 31
6 83
1 12
2 26
9 39
3 11
4 16
10 4
3 24
3 80
6 53
9 77
7 31
1 14
4 38
8 7
5 26
7 49
6 32
10 13
7 96
1 51
4 44
8 100
6 42
8 14
6 36
4 12
8 30
6 21
8 10
4 99
10 94
3 87
10 67
2 9
8 54
5 95
10 57
10 88
1 10
1 36
10 56
5 70
6 76
2 15
10 89
2 99
5 81
9 59
1 10
3 81
7 9
8 27
2 79
1 71
8 1
1 17
8 13
7 90
8 93
10 93
3 17
10 54
8 62
7 61
5 23
3 67
4 31
5 54
10 100
1 60
6 42
6 26
8 19
8 67
4 90
1 9
8 72
6 78
9 52
6 65
2 91
2 5
1 9
3 98
5 90
8 37
2 29
7 31
4 8
4 50
7 41
8 73
6 45
3 46
5 14
1 8
1 54
8 23
5 16
6 85
6 60
9 63
10 50
7 46
1 48
7 84
2 90
7 78
7 93
8 59
8 82
3 96
7 36
6 26
6 24
9 83
8 62
2 27
8 30
8 1
10 88
6 72
8 13
8 20
9 9
1 38
8 11
7 1
2 53
4 70
5 93
1 80
1 77
4 8
6 30
1 58
6 53
5 72
6 17
5 97
10 34
4 78
4 95
4 24
8 81
2 7
8 95
1 34
9 92
9 80
3 98
2 15
6 4
6 27
2 40
7 72
10 30
10 33
4 78
7 15
7 96
1 80
8 34
4 87
9 8
7 70
5 56
5 58
4 56
2 14
2 38
9 13
3 9
3 33
7 52
8 40
8 83
5 28
10 51
10 3
4 42
1 26
5 16
8 8
3 41
4 14
1 11
9 60
10 77
4 71
10 22
7 13
8 74
8 50
1 63
3 1
8 99
2 83
3 70
4 89
1 67
2 80
8 12
10 19
9 51
7 62
1 96
6 76
1 4
4 28
6 10
2 95
4 73
2 48
6 11
10 93
6 33
1 49
7 84
4 28
7 50
9 15
3 48
8 7
6 9
10 64
9 26
3 98
7 64
10 5
8 41
5 98
6 14
5 27
9 98
2 41
1 35
1 19
5 98
3 92
2 61
4 94
5 96
7 27
1 25
5 2
2 97
8 91
7 92
2 92
5 58
6 75
5 71
10 44
5 1
5 13
8 65
9 89
9 34
6 34
4 59
4 50
1 31
8 65
2 38
10 27
10 99
1 98
6 5
4 72
7 21
1 63
3 83
3 36
3 9
4 10
1 88
1 13
6 76
8 12
1 23
2 91
8 84
8 71
5 41
9 82
10 13
10 60
6 68
7 2
2 68
10 90
9 28
4 0
5 100
4 48
7 96
1 16
5 99
2 15
6 67
9 51
4 54
4 46
1 82
10 88
10 67
9 81
1 97
3 47
9 92
2 57
2 83
1 64
3 6
3 53
2 65
7 29
7 57
9 71
4 61
1 87
10 31
10 2
1 28
6 12
1 53
10 41
8 14
9 63
2 82
5 61
2 13
5 98
1 42
8 5
2 35
7 46
5 99
5 1
6 13
5 83
2 91
10 72
9 33
1 15
2 3
6 9
3 20
2 61
2 56
1 92
8 56
9 52
2 19
2 82
7 49
6 37
3 28
5 40
7 69
2 82
7 91
9 8
1 58
5 96
8 51
6 86
10 92
2 42
9 47
5 28
1 67
1 72
10 41
4 52
9 24
3 21
5 15
2 37
8 92
10 62
2 19
10 44
7 52
9 92
1 61
7 45
10 8
3 14
2 49
6 70
1 81
5 65
10 62
5 32
10 31
1 3
9 23
2 78
5 96
8 20
10 59
7 52
9 98
6 53
6 79
3 74
8 19
4 46
5 73
9 9
2 99
1 91
7 79
3 60
3 12
1 93
2 56
2 57
1 68
1 95
2 5
1 27
1 2
2 66
8 98
9 34
8 86
3 19
7 0
7 34
4 39
2 18
10 86
7 56
9 82
4 57
7 16
10 17
1 70
1 15
2 64
4 87
4 28
1 42
7 33
9 25
3 95
7 26
3 17
8 22
8 96
3 89
5 46
5 97
1 27
7 88
2 54
2 36
4 85
5 57
8 16
4 65
6 90
5 9
7 6
4 75
1 3
5 47
5 5
5 70
2 99
1 69
4 33
3 29
7 21
2 59
6 68
10 27
6 90
8 9
3 100
9 43
5 21
1 42
6 85
5 26
8 82
8 81
5 93
5 22
2 2
7 96
3 79
2 71
9 57
7 22
1 99
4 23
10 69
2 47
6 15
7 93
2 59
10 13
7 59
9 77
8 21
6 79
3 27
2 64
6 33
7 13
2 44
1 24
7 77
4 16
3 30
3 47
7 90
3 95
8 58
3 56
3 81
10 100
3 8
2 9
6 16
4 17
5 93
1 38
9 55
1 52
4 53
8 24
1 7
4 92
5 79
3 69
4 85
2 37
3 39
8 22
2 48
4 11
10 99
5 39
8 4
8 92
4 14
3 63
5 3
7 66
8 79
1 39
9 20
4 78
5 29
5 41
5 96
5 66
5 63
6 35
5 55
3 67
1 26
7 91
5 9
7 43
6 6
6 3
1 4
8 75
3 56
2 65
5 97
1 46
7 38
1 17
8 12
1 96
1 17
1 80
1 43
8 90
1 13
9 59
8 7
6 59
10 75
2 20
5 79
1 93
4 27
3 62
8 8
9 88
2 48
4 22
1 34
6 79
5 9
9 60
8 63
5 42
5 70
5 25
2 91
5 12
4 8
7 4
9 63
3 35
1 63
6 38
3 54
10 48
6 73
10 31
6 88
3 99
6 91
6 91
10 59
7 42
10 0
8 28
4 89
4 40
3 99
8 53
8 100
2 48
2 88
6 46
6 87
7 25
3 76
8 18
5 91
4 48
6 16
9 77
3 0
9 28
4 87
3 67
9 6
10 64
10 71
3 85
6 81
6 37
7 56
10 37
4 76
6 75
5 68
4 46
7 92
9 45
6 25
6 33
6 99
8 67
9 35
1 58
2 14
2 2
9 38
1 87
6 53
10 28
10 100
1 26
1 68
1 84
10 95
4 51
8 28
1 91
4 97
6 27
7 45
10 60
4 79
7 71
3 58
1 66
6 83
4 64
10 16
5 47
6 82
7 95
2 23
10 97
8 9
3 88
8 46
5 92
1 96
10 37
10 88
9 41
3 10
2 6
10 76
9 59
9 90
6 4
7 25
6 74
10 23
3 69
5 44
2 2
2 86
2 95
5 25
5 64
6 75
10 16
8 61
6 33
3 84
2 47
10 83
8 95
4 62
7 3
8 99
5 53
9 70
7 15
2 82
2 37
5 61
2 22
3 5
5 77
3 81
6 14
3 64
1 17
9 86
3 92
5 82
6 59
8 5
9 29
4 70
10 98
7 96
4 31
7 43
8 92
3 92
7 34
8 64
8 23
3 31
1 37
8 64
9 45
3 52
5 44
8 13
4 96
2 96
6 34
8 10
2 96
7 98
1 67
3 73
6 37
1 2
9 31
4 7
5 28
6 63
4 98
1 3
5 6
3 98
5 79
1 64
4 88
6 38
10 68
5 32
2 23
5 53
10 93
9 100
9 55
2 99
9 51
1 21
6 69
4 16
8 66
8 80
6 31
7 13
8 11
6 42
2 61
3 39
1 16
6 26
4 1
9 78
10 38
6 43
5 62
9 84
5 90
4 76
7 86
3 81
10 97
7 0
9 63
6 78
5 88
7 21
6 88
7 79
7 91
2 2
2 98
4 58
3 41
9 46
9 17
10 76
8 19
6 51
5 7
10 82
9 66
8 40
3 12
8 79
6 18
10 91
1 82
2 1
10 13
5 27
2 21
4 53
6 74
1 89
8 13
10 80
6 5
10 35
9 54
4 94
5 10
5 5
1 82
9 93
8 92
4 18
3 63
3 15
7 24
2 86
7 98
8 81
8 92
4 81
2 72
7 3
4 2
10 58
6 28
7 84
6 17
8 38
8 32
3 63
5 56
4 38
2 91
3 4
2 61
1 70
8 31
10 12
3 77
7 5
2 10
4 47
2 39
3 62
7 91
1 76
6 96
9 8
3 72
3 55
10 61
2 15
4 54
3 23
4 54
3 13
10 90
2 81
10 86
5 66
2 69
6 22
9 61
3 39
2 90
1 44
1 12
10 97
4 61
10 46
2 45
3 19
8 38
4 96
5 36
1 3
8 100
4 2
8 90
1 41
3 3
10 82
6 96
10 82
1 91
4 47
6 39
6 50
7 80
6 24
7 95
4 12
5 92
1 70
7 33
8 22
1 86
10 5
9 42
9 54
9 27
6 6
9 96
1 98
2 92
3 78
10 81
3 60
4 3
1 2
1 76
3 31
1 76
1 23
8 50
2 91
2 91
1 30
8 52
5 79
6 26
6 17
6 87
6 2
4 56
2 13
10 33
9 81
10 6
4 25
8 0
10 99
9 42
4 21
2 61
10 42
8 73
3 97
1 76
6 52
10 22
2 45
8 27
5 91
3 15
7 79
9 73
10 36
4 70
3 0
10 48
5 59
7 52
2 40
5 88
1 32
2 7
3 65
2 73
6 16
3 5
5 83
6 62
9 3
4 57
9 0
6 75
9 78
2 56
9 19
5 15
10 89
4 48
5 27
9 79
10 1
7 40
2 76
4 71
2 19
10 21
3 2
6 88
7 72
1 15
4 70
5 23
5 95
5 10
7 100
2 48
10 2
2 77
2 60
6 20
2 62
7 68
8 41
3 94
3 30
2 17
10 51
3 31
2 89
1 20
9 59
7 82
5 90
7 64
3 86
7 6
1 15
6 60
2 86
5 87
2 58
8 77
1 3
9 29
9 29
2 89
9 16
8 55
1 98
8 59
5 51
8 58
9 91
4 9
9 45
7 89
3 19
1 6
2 9
7 96
5 80
5 59
9 7
3 66
8 94
10 65
8 43
7 33
4 19
5 71
8 9
8 44
4 37
5 60
2 5
5 37
5 66
5 14
8 45
1 63
7 2
4 16
8 30
1 81
3 25
8 81
1 94
1 53
2 32
1 56
9 63
10 3
1 56
1 10
9 18
2 49
9 17
8 71
5 85
10 92
8 29
6 26
9 91
7 97
2 86
2 31
9 42
6 78
1 60
7 24
6 86
5 34
1 90
1 38
1 79
10 71
6 51
8 47
10 27
5 77
5 54
1 78
6 32
6 46
10 53
9 2
5 22
1 86
1 23
7 95
1 57
4 62
8 65
2 50
8 89
7 82
5 67
2 42
5 35
1 20
6 86
6 38
5 98
2 30
2 2
10 14
1 87
10 27
9 100
7 73
5 70
2 54
2 8
8 25
3 23
3 47
2 98
3 45
6 57
7 28
6 58
2 7
9 80
3 97
4 69
8 82
5 53
4 79
8 48
5 72
3 18
7 58
3 40
9 31
1 87
10 21
10 2
4 79
1 40
7 89
4 41
9 45
3 25
10 6
6 12
2 13
9 17
4 21
6 73
3 82
3 77
1 75
1 71
7 65
6 23
8 22
9 26
5 74
8 37
8 70
6 49
1 76
4 41
1 89
10 76
7 27
9 83
3 1
6 7
5 73
5 70
5 4
4 97
2 66
6 67
8 56
10 33
4 81
6 78
2 30
4 38
6 47
8 32
4 51
4 19
6 1
2 45
8 13
7 62
4 94
5 91
7 42
5 19
3 28
3 4
6 29
4 60
6 62
5 36
7 96
9 0
4 43
9 8
2 31
5 61
3 22
7 3
10 42
10 5
7 12
9 28
10 96
1 59
4 66
9 60
1 83
1 55
9 13
3 17
4 49
8 58
5 44
9 26
1 42
8 22
7 45
3 80
7 34
4 0
3 53
6 61
8 67
3 43
7 56
7 10
4 91
2 94
5 53
4 8
9 73
8 1
7 91
10 54
8 19
2 34
5 3
3 29
5 16
2 100
7 23
9 70
5 79
8 24
3 40
6 77
2 12
7 1
6 72
10 34
6 45
9 58
6 68
7 36
8 19
1 40
8 78
5 37
7 95
6 25
7 5
8 99
10 51
9 29
10 25
6 49
3 56
6 10
2 85
3 3
4 27
10 55
3 82
2 94
1 28
7 29
4 36
5 67
5 6
10 26
2 8
3 61
6 55
9 50
1 59
10 75
5 42
5 48
1 72
7 9
7 36
4 80
5 74
4 15
3 98
8 25
4 90
5 15
5 28
8 58
6 98
10 28
4 26
4 83
10 12
8 0
8 42
8 27
10 74
4 58
5 80
3 97
1 85
6 4
4 60
4 60
7 45
9 71
6 53
8 9
1 9
1 9
7 50
6 97
9 95
3 88
4 35
2 90
4 45
5 46
9 44
10 29
3 96
3 42
3 66
7 0
1 93
6 17
10 70
5 90
2 25
4 21
8 88
1 75
4 40
4 59
3 10
10 71
6 16
9 63
3 9
5 93
7 28
4 10
2 70
7 49
7 72
3 18
1 47
1 18
8 19
2 40
1 14
4 74
10 82
9 25
2 87
7 64
9 0
6 10
1 97
9 0
5 63
3 39
1 72
7 86
8 55
6 5
7 21
4 45
1 50
5 42
4 59
9 100
5 37
9 60
4 19
1 50
7 37
8 42
3 91
10 85
10 35
4 93
5 74
8 80
9 89
2 1
3 96
8 57
3 31
5 61
8 49
7 71
9 84
2 83
4 44
5 55
7 31
1 35
3 63
1 39
8 41
1 22
2 73
3 12
1 74
1 71
9 20
1 5
10 28
6 86
1 56
7 64
7 44
3 72
5 34
6 26
6 8
8 6
1 96
8 64
6 63
2 68
2 30
7 90
1 9
8 98
4 57
5 23
3 80
10 19
9 50
4 81
4 96
4 25
7 6
4 57
7 69
7 37
10 92
10 26
9 87
8 78
6 77
4 3
7 21
1 47
1 29
4 70
5 49
7 26
6 37
3 42
4 76
7 32
6 63
3 9
10 35
3 12
1 0
9 93
2 21
7 52
1 16
5 95
3 27
1 59
7 61
9 62
5 13
9 3
3 90
1 52
7 42
2 95
7 14
8 57
1 35
5 59
8 7
3 7
10 99
2 84
1 4
1 84
6 70
9 38
1 46
10 59
1 84
1 38
6 5
8 99
9 68
8 62
4 97
8 33
10 27
3 29
10 16
2 64
7 26
7 13
4 27
4 65
5 5
3 15
9 97
7 90
4 61
10 19
6 26
7 35
7 46
9 2
1 78
8 94
4 6
4 54
5 94
4 14
4 34
10 53
9 12
1 12
2 56
10 10
2 66
7 79
3 13
3 61
10 7
9 53
3 84
5 53
7 59
1 26
7 56
9 16
1 19
7 29
9 5
9 67
8 43
2 63
1 53
3 96
1 65
7 9
1 10
8 5
10 47
2 20
4 85
9 19
5 84
1 73
8 34
6 48
8 71
4 55
1 82
8 93
2 33
5 40
1 36
6 60
6 93
1 97
9 0
7 79
7 17
8 25
2 51
6 91
10 58
2 9
3 60
3 16
7 65
9 95
3 39
7 41
6 59
2 11
7 72
8 26
6 2
4 5
6 3
8 3
3 29
7 14
2 98
7 64
1 16
1 96
7 19
2 32
4 51
1 19
4 59
5 13
6 87
5 73
7 43
1 4
3 4
10 32
9 83
10 3
3 81
5 69
5 74
6 57
5 49
4 100
3 93
9 51
4 29
1 86
9 1
6 20
6 18
8 35
3 24
3 82
1 16
2 52
10 50
1 80
6 59
8 17
5 55
2 75
2 70
9 86
1 2
9 24
10 14
1 97
8 52
5 92
3 30
4 30
1 79
5 11
4 74
2 10
7 52
8 10
2 88
6 68
7 90
9 39
4 86
4 6
8 85
2 2
3 2
10 100
5 1
10 92
6 12
10 76
1 79
3 6
8 11
6 39
2 11
6 47
5 86
7 67
2 23
7 78
9 55
6 35
4 77
10 24
5 20
2 1
5 94
10 12
1 18
8 50
4 16
10 88
6 56
1 69
9 81
8 1
8 11
1 33
2 84
1 37
9 81
3 53
8 51
10 78
2 56
10 38
10 47
2 100
9 97
4 96
8 31
9 99
4 4
8 17
5 16
6 81
9 7
2 71
10 16
8 14
2 55
9 23
1 86
10 22
6 59
4 31
2 91
4 55
10 75
8 8
3 15
4 55
1 17
4 34
5 24
6 12
6 45
2 67
5 36
6 48
4 9
4 87
9 30
2 59
4 54
10 0
6 19
7 0
7 55
10 22
4 72
4 20
10 51
3 16
5 89
6 78
4 71
2 77
4 66
6 75
1 64
3 71
2 75
4 28
10 46
3 78
1 36
8 75
7 32
7 44
2 89
10 50
10 22
1 29
8 9
2 17
3 85
1 25
3 73
7 39
1 46
9 77
5 25
1 4
1 78
5 39
7 35
6 95
2 70
5 22
5 59
7 69
8 16
8 16
10 2
7 57
1 99
5 7
9 31
5 6
5 70
2 51
4 41
9 60
1 52
6 69
8 47
1 40
4 84
9 67
3 43
4 94
7 39
2 60
6 16
1 67
10 75
9 35
3 30
4 67
8 91
7 49
9 23
9 85
3 16
7 39
1 89
6 72
1 74
8 90
8 6
7 58
10 78
5 42
2 33
1 58
2 69
10 99
4 85
2 92
10 93
2 23
5 10
2 11
7 94
7 67
2 5
9 45
10 12
1 60
10 78
6 81
10 74
2 85
7 49
1 21
1 85
7 45
6 92
9 96
9 42
8 93
7 1
8 27
5 2
7 12
4 24
6 23
7 10
1 57
8 15
5 37
10 12
4 22
4 68
1 36
1 24
6 34
2 33
9 59
6 31
8 52
8 88
5 4
7 87
8 35
2 87
6 6
4 52
7 39
5 36
3 94
6 32
6 70
5 37
9 97
9 34
10 46
5 49
2 100
9 50
3 44
1 30
10 53
2 63
2 81
9 50
4 4
7 21
10 14
7 56
5 33
9 46
4 88
10 36
3 18
3 20
6 100
9 16
1 71
8 7
6 56
3 10
3 56
3 75
2 41
7 89
5 84
4 77
5 30
1 38
8 79
7 0
3 95
5 23
3 25
4 40
6 64
2 64
1 93
2 89
7 17
10 27
9 69
8 77
10 46
8 73
4 36
4 75
1 81
2 98
4 82
10 67
7 69
3 94
6 91
9 92
8 19
6 54
10 79
5 76
3 31
8 11
10 63
2 24
5 78
6 26
10 30
10 58
3 64
5 10
10 30
9 90
3 5
5 56
9 34
2 0
7 39
3 67
5 28
8 82
4 10
2 30
9 74
8 48
4 43
4 86
3 81
7 11
5 2
9 44
3 77
3 58
6 85
1 98
1 98
10 9
4 34
10 98
7 84
4 11
1 13
2 3
8 18
2 13
1 30
2 83
8 97
8 34
1 70
3 3
3 2
1 12
1 47
8 34
7 99
5 28
9 78
5 65
4 32
7 60
8 29
4 11
7 12
3 24
4 14
10 92
5 93
2 12
4 69
7 7
8 85
8 0
9 0
2 6
7 38
1 21
2 67
5 90
2 74
3 77
1 77
4 29
7 5
8 78
2 72
3 2
5 76
9 24
1 65
5 36
7 64
3 87
1 93
3 66
2 31
7 3
2 46
6 100
6 0
2 83
6 90
9 38
3 71
5 46
8 36
6 85
2 69
1 97
3 36
7 91
6 79
3 80
9 11
4 29
2 38
4 12
5 100
2 2
7 94
10 79
7 11
2 57
4 11
5 28
1 93
7 97
4 57
4 35
9 70
5 48
5 62
10 22
1 68
5 84
6 74
7 68
6 50
2 42
10 78
3 88
10 12
1 92
1 90
7 60
7 4
1 26
9 50
6 14
7 19
9 37
4 7
2 89
5 90
10 58
5 37
5 42
3 58
8 74
9 37
10 46
1 51
4 97
1 10
10 20
6 57
10 69
7 32
10 82
9 22
9 71
8 29
8 19
1 53
5 16
2 78
9 19
1 16
1 81
1 21
10 24
2 92
7 29
3 74
7 42
9 55
8 73
9 5
5 45
5 66
1 42
1 36
4 57
6 1
7 7
7 16
7 15
8 83
2 76
9 24
6 8
10 40
2 64
4 36
7 5
2 2
3 13
7 98
9 98
3 25
1 98
3 39
3 16
1 22
6 76
4 10
10 100
6 4
10 10
2 13
5 68
3 62
6 21
1 80
4 35
8 57
1 30
8 31
10 13
5 95
3 21
6 12
9 17
2 71
1 92
1 22
5 39
1 65
1 57
8 43
7 38
4 45
2 69
1 91
9 17
5 92
1 93
8 81
5 48
5 24
8 68
2 30
6 18
4 85
4 70
2 23
2 60
2 51
9 70
9 34
6 43
3 21
9 74
3 36
6 89
8 51
1 93
8 3
4 22
3 16
6 28
10 7
1 7
5 87
2 21
7 80
10 29
5 96
2 59
1 46
1 28
1 99
5 77
1 39
3 23
2 56
3 8
2 99
7 86
1 28
9 91
10 95
5 36
9 32
5 80
1 23
1 53
7 84
3 58
3 8
5 42
7 19
9 79
4 42
2 22
2 64
8 7
10 38
3 21
6 79
8 71
6 27
5 59
10 21
1 75
8 25
7 60
8 77
10 7
7 3
2 64
8 4
10 55
8 60
3 0
8 81
6 93
5 23
6 97
5 4
9 66
6 71
4 65
8 24
10 41
3 51
10 95
3 87
10 96
1 82
1 21
9 14
4 10
6 96
8 61
9 19
4 59
3 47
4 58
7 60
7 25
2 80
8 23
6 46
8 17
7 15
6 10
2 95
2 64
4 20
1 29
10 92
8 20
7 45
3 14
3 5
8 2
5 98
3 66
2 90
8 59
2 72
4 82
9 28
2 21
2 20
9 21
10 34
3 92
10 64
6 47
6 52
9 30
9 41
8 68
8 7
3 22
9 34
9 47
4 92
2 16
2 27
5 94
3 11
7 13
4 39
2 19
6 37
4 28
6 94
4 69
8 65
5 5
1 59
10 59
6 13
5 63
8 54
3 66
4 17
5 51
7 100
1 66
10 51
2 48
5 56
9 29
1 25
2 48
5 7
6 100
9 46
2 27
2 25
9 42
1 91
6 26
2 76
2 26
9 40
1 89
6 14
2 19
10 7
1 8
4 41
6 36
9 89
3 98
7 4
7 57
2 49
2 68
9 37
8 26
8 91
8 67
8 55
9 54
7 67
7 46
5 3
6 96
8 31
3 72
4 50
9 59
6 16
1 29
6 49
7 53
4 36
6 32
3 2
3 5
7 66
9 11
8 38
9 58
1 95
10 94
1 43
6 18
3 96
7 90
9 35
4 47
10 77
3 33
8 56
1 1
2 92
1 97
4 20
4 55
2 57
9 67
1 47
2 99
2 71
1 93
1 91
2 47
9 13
10 38
1 93
1 66
2 77
2 78
2 86
4 16
5 2
2 78
9 95
8 38
4 72
9 60
3 81
5 80
2 38
6 71
9 57
10 21
4 5
2 72
2 98
10 51
10 28
1 6
4 96
7 56
6 44
4 12
6 3
4 51
10 48
8 20
2 84
9 74
10 55
3 21
10 97
10 69
4 82
3 71
1 49
8 98
7 6
3 26
6 74
1 28
1 94
3 78
10 51
7 9
3 44
2 85
3 23
10 10
8 5
10 91
1 98
4 76
8 59
5 22
4 1
2 0
9 80
8 47
8 30
4 5
9 73
4 78
2 7
8 23
6 71
8 25
5 91
5 62
7 7
3 44
8 42
10 96
10 99
6 77
6 24
4 66
2 60
1 33
1 25
2 50
8 57
7 42
7 48
9 13
10 100
3 27
10 71
6 66
8 65
4 22
3 93
8 34
9 30
3 5
1 32
5 38
4 93
9 31
4 70
3 16
5 16
7 78
5 66
5 52
2 27
1 79
10 21
1 69
5 49
9 92
9 90
3 70
5 56
9 64
6 57
2 33
10 10
3 96
5 24
2 61
9 26
1 19
2 35
4 75
4 2
10 22
5 8
5 38
6 68
2 84
10 25
2 96
10 32
3 83
7 69
9 7
3 18
5 99
1 45
1 50
10 20
3 58
10 42
10 63
1 95
5 34
3 18
7 51
9 73
5 53
8 64
8 98
7 100
6 53
1 77
3 90
5 79
4 29
10 99
10 58
7 64
2 43
4 24
1 4
9 6
10 78
4 14
10 8
9 99
5 47
2 87
7 88
6 46
5 44
6 89
9 64
3 24
6 76
1 36
5 93
3 81
9 95
8 42
6 86
3 83
7 50
7 81
10 92
10 57
6 78
8 5
10 77
7 56
1 15
10 56
7 35
1 35
2 44
6 78
8 77
8 39
5 67
6 93
4 1
3 96
2 27
7 94
8 55
1 90
9 63
10 59
4 96
8 26
10 70
1 53
5 54
6 65
6 5
1 92
7 19
2 59
4 57
9 33
2 33
3 36
5 47
1 99
5 33
1 32
7 73
10 72
1 20
8 10
9 33
8 35
10 49
8 98
6 50
4 39
6 60
3 27
6 8
9 29
4 61
7 14
3 14
6 63
8 76
8 31
5 36
4 72
1 8
1 17
5 31
8 0
5 93
4 22
8 52
8 24
6 73
8 64
2 79
5 89
5 52
4 42
7 62
1 77
4 71
3 52
8 77
7 11
7 55
9 89
2 24
3 22
4 96
5 35
10 58
8 71
4 25
9 19
6 86
5 82
9 34
9 40
6 41
3 7
2 16
2 6
1 81
3 55
6 32
3 80
7 12
6 95
2 48
2 68
7 78
5 85
9 73
3 12
4 96
3 38
9 73
8 52
5 71
9 94
6 13
6 97
7 1
8 9
5 87
9 24
5 39
7 48
1 79
2 27
6 4
2 60
5 95
1 43
7 89
3 94
9 91
2 42
1 67
9 67
5 5
6 44
4 26
9 7
10 35
10 64
7 43
10 50
8 19
2 52
1 66
9 68
10 5
4 92
4 57
7 45
10 21
5 100
5 100
2 92
9 42
8 66
4 74
3 47
8 26
4 59
5 22
2 10
2 53
7 70
6 11
5 66
1 61
9 52
8 61
8 28
4 67
8 93
6 45
4 31
4 51
9 8
6 10
4 37
3 74
9 13
7 77
7 88
6 29
3 16
6 60
8 33
8 35
7 15
8 32
3 27
5 87
7 58
4 89
7 85
4 29
3 77
10 15
9 82
2 62
3 85
8 66
2 74
1 83
2 86
4 38
10 29
8 37
5 45
2 44
9 59
5 37
5 69
7 24
8 93
4 0
9 29
8 95
1 66
2 11
6 46
10 36
1 66
6 84
2 6
3 19
5 55
9 27
2 31
4 47
4 10
9 95
3 97
9 87
10 53
8 13
10 0
3 96
9 43
1 36
2 79
10 53
10 76
4 61
2 71
6 73
4 51
2 1
1 71
7 41
10 79
5 58
4 39
1 91
8 77
7 73
1 36
2 7
9 11
1 13
9 70
6 23
2 99
3 99
4 60
1 33
6 6
9 66
2 26
3 55
10 71
4 29
1 17
9 70
6 71
6 42
1 100
3 10
1 0
6 16
5 1
6 13
9 77
9 8
5 6
9 36
9 27
8 8
9 94
8 47
7 92
2 67
6 87
2 1
8 77
5 55
10 39
6 20
9 53
3 77
10 8
6 38
10 29
1 66
1 63
1 2
9 94
10 72
8 58
5 41
8 44
7 58
1 86
1 58
9 12
4 82
7 44
1 70
2 82
5 11
3 34
4 18
4 40
5 36
2 93
1 47
9 8
10 78
10 18
10 11
7 35
7 71
3 41
7 35
4 46
4 14
8 84
9 79
9 78
5 12
9 12
5 80
5 53
5 90
2 1
10 60
3 95
5 51
4 16
5 47
1 6
8 8
7 56
10 99
4 84
1 33
8 99
4 5
10 100
10 54
1 7
6 39
6 85
5 69
8 53
3 61
8 28
4 29
6 37
3 58
5 71
10 30
7 43
6 70
10 86
1 79
4 14
10 60
8 26
9 17
4 100
8 16
5 7
3 41
8 29
6 83
5 3
1 1
6 99
6 93
4 48
3 48
2 7
9 7
7 10
4 76
3 6
2 79
8 56
10 5
3 29
2 91
2 41
3 51
7 65
4 83
6 39
8 100
9 24
7 35
2 85
10 87
9 98
3 97
8 75
8 33
1 89
7 37
5 20
5 62
2 13
10 24
5 3
6 24
6 67
10 34
1 44
3 74
6 58
7 77
4 35
1 69
7 0
5 39
3 30
8 51
8 87
8 96
9 24
10 28
10 54
8 39
4 20
6 41
9 7
6 91
5 57
2 9
10 90
10 13
9 81
10 3
3 67
2 30
5 18
5 62
5 64
10 23
6 55
4 94
2 74
7 8
7 63
10 75
7 7
6 32
4 30
4 16
6 32
2 17
6 94
4 38
9 98
9 11
6 86
2 66
7 100
4 79
4 64
2 5
3 48
1 25
3 100
3 82
3 16
5 41
9 77
10 88
10 14
2 71
9 99
3 91
6 22
3 12
1 77
4 0
3 95
2 44
1 32
8 7
4 50
1 69
6 71
5 83
4 39
7 31
10 80
7 1
6 44
6 29
10 67
6 97
8 26
9 60
3 67
3 23
9 70
10 40
9 72
1 61
5 80
9 42
10 14
7 39
7 58
4 78
1 93
1 2
7 29
5 11
5 51
9 17
9 93
6 19
3 15
7 61
10 90
3 50
4 70
5 45
1 56
5 5
6 33
9 57
6 40
5 4
3 17
4 29
1 45
4 85
6 50
10 69
5 92
9 92
2 43
4 21
2 89
6 43
5 77
3 71
2 92
9 32
4 23
10 40
8 11
4 38
5 2
1 57
1 35
3 46
8 45
5 34
9 86
3 38
9 65
3 5
3 78
7 64
7 54
5 33
1 37
3 75
6 51
1 84
2 50
1 17
4 89
3 49
2 17
1 34
4 84
3 68
6 61
5 28
8 57
1 85
6 3
1 39
5 92
1 20
4 94
2 35
10 9
4 42
5 76
9 52
9 67
1 83
9 16
2 48
3 84
1 44
3 25
1 92
10 49
8 49
8 90
7 33
2 25
4 5
2 24
2 5
3 23
10 48
1 19
1 48
1 45
2 92
2 55
6 79
8 8
5 7
7 43
8 87
6 81
3 5
5 9
8 39
3 4
8 45
7 65
10 30
2 88
5 56
8 7
9 81
10 13
6 79
9 68
8 11
8 0
3 42
5 1
3 48
2 66
5 28
5 26
6 65
1 78
5 38
7 6
5 70
4 31
3 56
3 47
10 40
2 63
6 61
7 63
5 53
9 37
1 75
9 43
3 40
6 62
1 22
8 81
4 85
2 94
7 37
6 97
5 6
9 22
5 89
10 66
5 98
2 46
6 25
5 37
7 3
9 18
6 85
4 0
5 66
10 60
1 53
3 84
9 1
7 100
5 66
8 31
5 86
1 86
8 49
1 16
6 21
1 62
3 87
1 48
1 43
5 8
10 62
1 69
6 3
4 35
8 9
5 53
9 67
7 11
1 68
3 74
4 64
7 13
2 81
5 89
2 18
6 82
1 14
9 98
4 48
3 50
8 77
9 68
8 99
10 83
1 9
8 25
6 12
5 1
6 24
5 66
2 79
6 43
6 34
2 42
9 28
8 27
2 60
4 6
9 71
4 78
9 67
6 97
3 1
3 77
10 21
6 44
6 67
8 40
4 21
5 71
2 54
6 76
3 78
6 28
3 40
9 3
8 63
3 99
4 38
3 29
6 65
3 67
2 99
2 80
8 44
6 22
7 27
9 24
4 84
8 98
9 53
10 25
3 13
7 47
3 48
3 96
1 89
6 93
9 10
9 81
8 48
6 45
10 73
8 26
1 64
3 83
8 90
2 93
5 95
3 64
4 41
8 98
10 43
6 35
5 47
8 34
5 56
3 5
10 29
1 30
7 28
2 3
7 33
7 95
2 51
10 63
1 80
10 17
3 85
9 0
7 41
8 5
5 49
7 60
6 78
10 6
8 76
3 88
1 34
1 67
7 11
6 21
10 28
3 82
8 4
9 15
10 56
4 56
8 3
1 81
1 30
1 74
2 90
3 44
4 73
1 31
4 88
2 82
9 13
7 37
9 90
10 64
10 86
7 7
3 95
4 29
7 84
9 33
8 38
3 8
6 93
9 83
7 37
1 19
3 14
3 89
3 26
8 60
7 33
7 2
10 39
5 90
5 21
4 26
6 76
6 61
5 52
5 74
3 8
4 0
8 97
2 8
1 8
10 56
1 75
7 22
3 22
3 1
2 49
9 41
10 18
10 23
5 97
2 45
8 63
5 79
3 31
1 23
7 13
1 42
1 82
9 32
6 96
8 37
8 8
10 62
4 13
2 100
7 8
2 12
6 51
8 90
10 43
2 29
2 10
5 58
2 28
1 9
9 13
3 90
2 70
2 11
1 52
9 87
9 14
2 89
2 70
2 49
6 60
8 86
6 87
3 12
8 67
3 3
10 16
9 83
6 86
5 27
7 16
9 53
1 45
2 22
10 81
1 96
1 47
10 85
6 88
10 62
8 44
1 8
5 10
5 56
3 15
6 93
2 70
4 94
5 99
5 16
8 52
3 54
9 68
5 62
2 100
1 5
2 68
9 47
6 62
7 12
7 98
5 19
1 22
4 27
6 75
4 100
2 39
7 67
2 21
6 31
10 48
8 87
2 90
1 73
1 29
5 37
4 84
2 20
6 42
8 73
9 59
7 15
7 10
7 54
10 59
1 40
8 6
7 66
1 15
4 67
9 87
9 32
2 11
10 10
5 91
4 95
9 53
10 100
6 39
4 47
5 30
7 10
1 38
8 27
4 70
10 100
2 55
9 64
5 95
5 64
2 47
4 64
7 24
9 1
9 42
8 72
6 3
7 41
8 89
3 66
8 32
4 61
8 61
7 88
8 21
8 47
5 93
3 5
6 54
3 13
10 46
6 32
5 9
10 76
8 30
6 45
2 28
8 28
7 31
1 94
2 3
5 19
9 43
4 27
9 98
6 80
8 22
1 56
1 66
7 75
7 76
8 53
6 87
8 82
8 42
8 96
3 84
3 77
10 60
3 63
5 66
2 12
1 25
4 34
2 47
7 72
5 21
3 82
2 37
6 85
8 9
7 49
3 44
2 4
8 29
8 82
9 3
6 10
5 53
5 86
4 43
2 85
6 10
7 29
3 90
1 98
3 20
5 43
3 79
8 80
8 15
3 3
10 68
4 54
5 99
1 17
3 94
5 55
6 74
7 14
10 4
6 64
2 34
10 10
8 16
6 13
7 57
3 83
10 74
6 55
3 24
5 92
4 7
1 73
5 72
6 87
4 76
6 21
6 45
6 14
5 30
4 92
9 88
3 72
6 98
5 14
4 98
3 51
4 98
9 20
6 24
4 33
3 71
5 36
2 48
7 31
6 4
4 95
3 79
4 2
4 1
6 46
1 98
4 77
9 59
9 45
10 98
5 1
4 88
1 13
3 11
5 46
10 98
8 14
1 17
3 70
3 3
2 64
9 68
6 83
8 96
4 3
10 7
7 61
7 9
9 33
8 60
9 22
2 46
4 16
8 37
3 53
8 40
6 64
1 28
10 61
3 68
8 51
6 90
6 20
9 68
2 28
2 8
9 71
10 39
8 39
2 46
1 38
10 45
3 100
9 34
9 82
4 6
10 54
8 58
2 11
9 80
1 95
8 8
10 1
8 41
10 82
5 79
3 52
2 81
5 3
2 88
1 44
7 17
1 24
6 73
7 19
10 28
3 78
5 19
1 58
9 100
6 50
9 7
10 88
5 17
5 40
10 40
8 76
5 31
4 95
6 25
6 11
9 84
10 2
3 68
9 96
9 42
4 37
8 89
10 82
3 19
9 37
1 18
2 67
10 49
4 10
7 6
2 60
3 86
3 3
5 57
2 6
7 18
10 81
3 40
5 7
9 79
8 62
8 39
8 4
10 57
1 71
2 23
1 5
10 72
6 24
5 6
2 34
7 97
4 7
4 77
10 64
6 80
5 85
5 76
3 76
8 54
5 97
2 55
2 30
9 64
10 38
8 31
5 11
9 57
8 54
10 41
7 23
4 94
3 96
9 82
5 51
6 11
6 18
9 61
10 73
4 5
1 83
1 47
10 50
4 96
9 51
7 32
8 79
4 23
2 26
9 36
10 53
6 2
6 16
1 78
7 50
1 49
8 0
4 36
4 97
9 98
2 62
3 15
6 16
1 67
5 16
9 80
8 92
8 13
8 41
1 30
3 100
2 0
10 25
7 15
10 45
8 29
2 87
8 27
1 22
4 62
10 0
2 58
2 75
4 3
3 81
5 99
6 43
3 7
3 91
3 78
5 7
5 26
5 56
4 31
8 89
4 62
2 39
1 85
2 14
6 30
3 1
8 14
3 9
5 33
7 57
5 1
1 96
4 46
3 35
4 44
3 72
1 57
3 97
1 50
8 10
1 32
9 97
7 30
6 30
6 75
5 24
2 85
3 69
8 29
10 49
10 65
2 89
1 5
9 55
10 28
5 25
7 4
8 75
10 73
2 8
1 64
6 55
4 0
3 27
7 88
7 46
2 7
3 77
8 22
4 25
2 0
5 83
8 5
3 38
4 6
8 76
7 11
5 91
10 50
5 87
9 61
3 96
6 33
8 11
2 10
6 43
9 26
6 80
9 68
8 17
7 71
4 10
5 86
6 29
8 54
6 7
10 33
9 95
7 19
3 88
6 44
2 75
9 96
2 28
10 89
1 85
3 15
6 15
3 30
10 28
6 81
2 50
6 8
5 62
6 40
2 72
8 81
6 72
10 67
1 28
4 33
4 50
5 6
4 37
4 43
1 91
5 32
5 18
3 42
10 1
2 95
10 68
10 20
10 26
8 12
9 99
10 70
10 83
8 63
9 69
4 26
4 66
9 39
5 29
10 21
1 29
7 22
1 100
4 5
4 58
7 19
5 13
9 84
8 55
9 62
8 28
4 19
3 36
7 62
1 85
1 83
8 43
7 6
7 99
1 36
2 90
8 42
3 62
7 34
6 81
9 27
3 55
8 43
4 68
7 94
10 60
7 81
9 42
9 67
10 81
9 38
6 40
2 50
7 66
8 30
1 1
10 29
6 10
9 75
4 50
2 15
6 29
9 63
7 2
6 26
1 55
1 89
8 85
3 70
10 19
10 60
3 10
2 25
6 26
8 22
3 56
6 2
8 40
1 58
7 26
2 46
8 76
6 73
1 34
9 81
2 87
7 18
4 9
8 19
2 53
8 22
9 51
2 62
3 39
9 22
4 61
7 6
2 48
9 45
6 86
1 91
9 33
8 48
4 56
9 0
5 85
4 86
3 68
2 43
10 14
5 23
1 31
7 24
6 95
1 50
6 60
5 97
1 23
6 88
2 7
9 81
5 62
3 57
5 1
6 66
4 34
1 54
7 41
4 51
4 7
3 64
4 1
4 57
6 37
2 45
1 33
7 57
9 40
5 39
9 98
9 94
5 19
9 9
9 27
1 62
1 81
10 32
7 79
2 18
3 44
1 96
1 5
1 68
6 29
10 92
10 24
5 82
3 6
8 65
4 41
5 21
7 73
5 100
10 60
5 14
4 26
10 8
4 38
7 91
2 17
8 26
8 69
10 5
9 33
6 18
9 60
5 2
6 60
5 44
1 10
10 51
6 19
10 94
8 9
4 26
4 16
6 17
8 64
5 40
9 76
8 94
8 58
8 10
1 44
10 95
7 31
8 2
7 25
7 61
3 13
8 11
1 48
7 60
9 49
6 10
6 58
9 79
2 96
1 74
8 88
7 86
8 76
9 54
5 11
8 22
3 16
6 29
9 96
2 69
5 95
5 9
9 11
10 24
10 41
3 99
5 71
3 6
7 52
5 23
8 54
9 61
1 50
4 25
9 9
4 58
10 97
9 54
6 40
2 12
5 16
2 49
6 97
2 36
5 42
7 99
1 73
5 6
3 49
1 1
8 62
5 93
4 73
1 70
2 37
1 61
6 91
2 39
4 26
1 100
3 35
6 99
3 64
7 68
1 20
7 68
9 66
8 34
6 2
6 82
9 93
1 11
5 33
5 57
2 72
9 19
10 84
6 16
10 90
10 79
2 61
8 56
5 55
7 49
8 66
2 39
5 6
6 46
10 16
4 91
5 91
6 87
7 72
5 58
6 39
4 17
4 33
10 32
8 15
1 82
7 89
4 71
10 27
10 9
1 72
1 43
2 46
1 76
7 43
3 51
8 38
2 74
8 5
6 64
8 73
8 61
9 14
8 74
2 45
10 65
7 47
5 22
1 20
8 93
8 52
5 68
9 84
5 48
7 27
7 67
8 75
7 89
6 19
6 41
6 8
3 58
10 71
4 82
7 69
6 68
8 68
5 88
10 52
9 7
5 23
3 57
5 82
2 63
7 1
8 25
5 12
5 62
2 68
10 69
6 36
4 55
10 99
7 18
3 33
5 25
1 4
10 42
7 15
2 97
9 85
10 0
4 73
7 9
7 6
3 18
3 70
3 68
9 94
8 46
9 11
3 79
1 53
10 11
8 91
8 67
2 80
4 35
5 26
6 4
6 26
6 91
8 49
7 61
9 15
2 47
5 100
4 83
7 32
6 37
2 32
4 82
4 26
10 61
7 30
4 91
7 45
8 67
10 40
10 95
1 17
9 16
1 14
1 80
5 30
6 2
2 39
3 30
6 20
6 10
7 88
5 21
9 33
8 71
1 83
5 35
4 63
4 34
9 13
3 58
6 73
8 55
2 26
1 32
7 34
7 47
1 15
5 100
9 26
2 20
7 23
10 95
8 11
10 69
8 42
1 55
6 74
5 22
5 89
3 81
8 34
4 54
6 30
3 45
1 61
1 12
1 46
7 18
5 77
3 27
2 10
2 12
4 37
2 85
8 10
3 82
4 25
10 39
9 55
10 57
9 36
1 61
10 91
2 39
7 91
4 14
10 43
7 2
3 5
1 36
8 98
3 86
3 56
4 49
10 70
6 16
2 72
7 0
5 48
6 32
8 9
9 26
2 47
9 43
3 97
9 55
1 89
7 51
8 61
3 7
2 26
1 16
4 21
7 40
9 43
4 27
5 24
4 22
7 54
7 30
3 41
7 100
6 6
3 24
8 100
7 22
7 17
4 29
7 30
5 39
5 55
6 98
1 93
9 49
1 47
9 52
7 15
3 10
8 54
2 8
6 34
4 71
3 89
4 66
5 42
6 100
4 51
5 79
1 66
6 63
3 89
8 58
9 83
3 71
7 45
7 83
2 90
2 15
3 64
6 90
9 28
10 77
3 65
7 97
1 81
3 33
6 78
8 96
7 13
3 48
2 12
10 74
10 74
9 77
6 1
6 64
1 36
9 72
4 59
5 9
8 60
9 12
8 27
8 51
8 60
2 11
3 23
2 66
5 38
7 47
7 11
5 59
8 96
8 15
5 11
4 67
5 30
8 51
8 72
7 27
1 83
5 49
8 13
10 8
9 0
5 30
6 89
1 86
9 38
9 7
5 91
3 70
6 91
2 68
7 50
1 73
3 49
3 72
