10000
7 53
8 47
7 80
3 83
3 83
6 19
9 93
6 80
5 90
2 25
4 86
1 1
4 7
6 2
8 30
9 81
7 16
9 98
5 54
10 100
3 98
9 17
7 30
4 60
8 50
6 27
10 90
8 74
2 43
8 42
9 23
5 83
2 100
3 65
10 62
3 66
9 67
5 79
10 40
6 5
1 0
5 23
9 34
3 25
8 71
9 93
1 5
2 0
3 49
9 100
6 64
4 4
10 8
1 25
6 43
4 67
2 100
7 40
2 90
6 56
3 23
5 98
4 38
4 5
3 28
10 28
3 82
8 86
5 44
9 23
2 89
1 6
1 70
1 61
6 98
2 55
8 61
10 72
8 11
1 93
4 10
4 17
2 80
9 48
9 56
8 19
1 58
2 83
9 41
5 20
7 43
5 63
6 78
2 37
8 74
10 97
5 95
5 9
2 68
1 87
7 53
2 23
7 49
10 64
3 68
5 88
6 22
1 77
8 74
3 61
9 8
5 43
8 43
4 62
3 39
3 21
3 71
3 2
7 71
5 91
3 6
7 70
5 53
6 8
8 23
9 37
6 42
3 31
4 34
3 57
3 37
6 82
9 81
9 17
9 39
9 19
7 72
4 40
6 9
2 74
7 14
8 2
8 42
4 83
9 64
4 18
8 45
8 51
3 73
4 77
8 67
2 59
7 43
1 43
6 69
4 29
10 100
9 94
5 69
2 3
9 65
8 44
8 75
6 10
5 39
8 74
3 81
7 62
5 48
10 88
3 83
5 41
10 14
8 18
3 76
6 78
9 45
3 74
1 19
3 50
7 14
9 19
5 95
8 69
1 29
5 65
5 99
1 56
4 27
4 87
2 41
6 86
1 7
8 63
5 91
8 64
4 65
3 62
10 79
10 70
6 25
4 41
9 37
8 0
9 22
1 4
8 80
6 45
2 24
9 10
8 14
8 56
7 14
4 25
2 0
2 96
6 83
5 94
2 3
10 93
5 60
3 77
5 84
7 12
4 48
6 69
4 33
9 56
10 55
9 63
8 34
10 40
10 61
6 11
10 25
10 28
7 48
8 9
1 93
8 80
2 17
3 76
5 17
9 53
6 18
7 23
8 65
6 92
8 64
9 22
1 16
4 29
6 77
6 52
7 8
4 51
6 83
8 2
4 71
5 72
5 18
4 10
3 53
9 18
7 17
6 32
5 86
9 85
5 0
2 59
1 49
1 52
6 44
6 36
9 41
9 78
10 42
4 94
2 31
9 98
8 89
10 42
2 79
1 68
1 7
1 37
9 31
9 48
7 56
8 48
6 45
8 66
3 56
4 99
10 87
5 26
2 92
7 49
2 64
7 94
2 60
10 5
1 94
9 91
7 98
6 46
4 11
4 35
1 79
10 22
5 93
3 0
8 31
4 66
5 77
8 43
4 17
5 32
1 85
10 1
7 81
9 64
9 92
10 0
7 89
2 22
8 49
6 17
1 17
6 55
1 49
9 46
2 96
7 71
5 100
5 41
8 66
5 88
1 0
7 17
5 91
1 97
9 67
4 17
3 61
4 23
2 96
10 24
1 15
4 62
9 21
3 30
5 86
4 60
7 19
6 58
5 18
9 29
5 78
7 100
9 40
2 30
1 59
5 99
3 11
8 4
4 9
7 86
5 33
9 77
4 71
3 51
3 27
9 90
3 42
10 15
10 67
2 39
6 44
3 42
9 24
1 46
8 98
4 25
6 28
6 41
7 95
5 39
3 88
9 77
9 64
8 9
4 43
4 10
9 32
10 8
9 67
6 96
8 66
9 5
6 69
5 68
6 5
8 62
1 9
10 84
5 23
4 16
10 78
6 99
5 95
2 72
3 68
9 41
5 83
4 12
1 61
2 14
4 76
2 77
6 9
6 59
1 39
2 87
9 93
10 22
2 11
9 62
2 8
10 16
5 88
3 26
2 20
6 45
7 53
7 26
7 1
10 0
9 73
10 65
3 20
6 84
2 36
4 96
5 43
7 84
2 1
5 71
10 23
8 52
7 19
8 14
6 15
8 48
1 53
3 7
1 66
3 33
2 81
3 97
2 43
1 53
2 34
10 99
9 56
6 81
5 61
6 41
6 24
8 37
4 90
6 38
2 83
9 55
5 88
3 22
5 30
3 57
1 18
4 36
5 17
4 4
1 3
4 33
6 32
6 56
3 90
1 91
6 63
9 72
7 95
2 21
2 45
7 3
6 93
9 21
10 59
2 71
3 4
4 100
1 55
3 2
7 81
4 21
7 22
10 31
6 48
5 64
10 3
10 74
3 71
7 36
5 14
10 64
7 77
5 37
3 30
9 57
6 21
7 22
2 35
9 10
3 84
8 77
9 82
8 66
5 81
9 12
6 41
10 47
9 16
6 28
9 86
3 55
2 33
1 18
1 94
4 4
6 99
4 54
5 29
4 11
9 92
8 52
3 39
4 35
3 61
2 23
7 62
7 25
3 51
6 34
9 85
5 77
4 25
6 100
1 57
2 26
2 43
7 10
9 28
6 48
2 26
10 60
7 51
3 24
10 21
1 53
1 59
5 78
1 1
6 10
10 5
1 11
5 82
6 76
5 20
1 51
2 65
5 82
3 10
5 10
10 4
2 45
6 54
9 73
2 90
4 90
5 90
4 43
3 79
8 81
8 83
4 48
6 15
4 13
9 64
7 91
10 93
7 95
4 92
5 48
1 7
1 36
3 6
7 23
3 90
8 63
9 34
6 58
2 53
3 95
1 57
1 65
5 87
8 98
2 32
1 88
10 61
9 98
4 13
8 73
2 91
7 75
4 58
1 1
1 40
8 2
10 30
4 22
8 20
7 63
7 48
5 70
9 30
4 73
5 37
10 71
6 15
6 75
7 9
7 65
1 4
9 79
8 93
7 3
1 51
7 58
4 34
1 56
5 34
5 11
7 10
7 99
7 83
2 11
3 44
4 50
8 56
6 25
9 80
2 44
10 32
10 86
8 54
2 65
1 3
5 37
5 91
1 90
9 49
4 37
6 20
9 64
3 17
2 45
3 59
10 24
10 24
5 94
8 56
10 96
3 48
3 49
2 75
8 1
6 75
4 44
6 7
6 80
8 3
8 92
9 41
10 24
4 66
10 14
6 28
4 7
4 47
3 91
8 58
1 18
6 69
6 17
5 33
1 50
9 0
7 23
5 96
10 71
5 18
9 81
3 90
5 33
6 62
9 8
1 19
7 51
4 60
5 74
5 59
3 11
8 19
8 16
2 1
9 59
2 47
3 97
6 1
9 33
7 92
8 67
1 97
5 86
5 2
9 28
4 3
1 84
8 70
1 14
10 97
9 41
4 20
5 87
4 24
6 53
10 67
1 3
2 9
1 54
7 63
7 76
1 94
5 49
10 37
4 26
5 7
4 93
2 66
4 93
8 5
1 2
9 86
3 67
10 47
9 100
7 87
9 99
3 29
10 35
7 38
10 51
4 42
4 22
6 49
2 46
5 60
3 56
10 78
6 35
4 86
2 10
6 6
2 99
1 17
8 53
10 14
10 40
4 70
3 66
2 14
10 99
5 5
10 17
7 64
7 67
3 11
8 50
2 26
7 51
4 45
6 100
4 97
6 85
2 82
5 99
5 27
4 81
5 55
10 6
9 91
10 29
2 34
2 90
3 4
2 83
10 57
10 69
8 93
6 54
10 36
9 22
7 34
9 91
8 45
6 94
6 100
9 5
4 51
4 90
2 10
3 63
1 67
4 81
6 51
7 48
4 74
5 89
7 0
5 80
2 80
10 57
7 76
4 6
3 31
10 15
9 73
6 74
3 49
9 67
8 97
8 40
8 46
3 35
2 21
3 80
1 39
5 52
3 37
7 36
4 31
8 65
8 94
9 74
6 4
9 98
8 26
1 54
3 34
8 82
8 89
4 94
6 2
3 2
6 30
4 56
9 93
9 43
9 39
2 83
8 13
5 44
7 10
8 47
9 91
3 83
4 95
2 10
8 56
6 73
5 7
2 98
7 40
5 3
4 26
1 3
9 99
6 53
9 73
3 59
4 38
8 4
1 88
3 55
2 49
8 50
4 98
3 8
1 69
1 87
7 81
3 4
9 69
5 88
8 3
3 30
10 6
9 54
9 6
6 84
3 83
10 68
6 77
6 47
2 89
1 75
5 84
1 55
4 9
3 58
2 69
7 55
4 39
5 8
4 85
3 21
3 4
4 52
10 3
4 0
2 52
2 49
8 21
2 91
4 85
6 13
3 86
7 62
3 17
10 35
8 96
6 62
4 20
1 75
5 63
6 20
9 18
6 77
7 7
3 19
4 11
8 83
8 24
6 0
7 99
9 85
1 87
8 20
10 58
9 78
2 89
3 90
2 29
4 78
3 83
9 90
7 14
9 35
7 91
1 50
7 15
4 91
4 39
10 69
4 5
6 13
3 49
2 80
1 25
9 29
10 39
6 55
8 16
3 100
3 37
9 90
4 76
4 96
2 10
5 52
6 91
4 10
1 18
7 58
8 83
10 46
9 35
6 4
2 68
6 2
4 2
3 66
2 3
9 62
1 3
3 4
3 12
7 33
8 34
5 51
5 13
2 35
4 69
5 48
8 15
8 54
1 42
7 24
3 46
7 94
9 38
10 88
2 42
2 56
2 53
4 48
2 57
7 29
9 11
4 39
2 35
10 59
1 96
7 74
10 23
10 59
2 93
10 42
4 59
6 62
8 99
8 57
3 17
9 16
6 4
9 71
5 21
8 99
8 97
9 19
5 82
9 94
9 18
10 81
10 66
2 99
9 63
1 20
5 62
3 5
2 52
5 85
7 25
8 9
2 97
2 15
5 21
5 11
9 83
5 95
1 50
8 0
7 15
2 99
2 8
3 68
7 15
7 10
10 26
10 64
7 25
2 52
10 73
3 39
8 51
1 81
5 45
4 51
10 18
1 61
8 48
4 21
2 82
4 47
1 5
1 62
7 60
1 11
7 86
1 8
4 20
1 38
4 65
8 12
9 23
2 47
10 1
4 41
10 33
8 80
2 70
10 66
6 76
10 91
1 15
6 66
3 42
3 65
9 71
3 75
4 95
9 38
7 60
3 74
4 57
10 95
4 23
5 91
10 31
6 41
5 8
1 26
1 87
7 70
10 27
1 2
3 73
8 13
3 18
8 11
4 96
4 97
2 23
2 87
6 15
4 85
4 62
1 82
1 29
2 60
4 55
2 62
3 6
5 75
5 9
4 6
10 79
1 51
4 25
8 21
3 27
7 82
1 24
5 90
7 54
10 35
4 2
8 9
5 82
5 21
10 4
6 26
10 32
9 49
5 80
1 85
3 28
8 95
1 65
1 100
5 44
3 90
1 35
1 84
10 63
9 34
9 32
5 93
8 71
5 5
8 60
9 46
9 86
5 27
6 21
10 53
6 0
6 23
7 67
5 81
2 83
1 33
8 96
2 14
4 46
9 43
8 26
5 66
4 65
9 74
3 56
2 42
9 86
8 15
10 19
1 2
1 73
7 72
9 98
3 12
4 38
6 80
3 32
3 43
10 97
6 15
2 1
3 2
8 66
7 39
10 84
5 14
9 63
8 28
9 31
4 15
6 15
3 45
1 76
4 27
9 31
3 71
8 95
5 43
10 64
4 25
2 49
10 55
3 9
6 74
6 56
3 41
4 65
4 68
3 54
10 72
8 61
8 96
5 2
5 58
2 27
7 77
9 78
5 9
10 21
6 37
6 5
7 15
1 38
2 65
2 54
10 94
9 55
5 14
7 65
8 25
9 30
7 95
4 72
3 7
9 100
7 31
2 27
9 20
8 74
3 34
9 16
10 78
1 52
7 59
3 6
5 58
1 80
8 68
2 34
4 21
5 75
6 6
9 22
9 21
5 55
3 72
4 49
7 9
2 73
3 36
3 77
10 37
5 58
5 13
9 40
7 39
9 89
8 20
6 33
4 94
1 94
3 1
10 33
2 80
3 37
3 87
8 89
10 76
3 6
4 78
1 55
8 73
9 93
9 68
1 77
4 9
6 44
8 45
10 42
1 96
7 42
5 0
7 13
10 58
4 25
5 56
3 39
7 92
2 4
5 83
9 50
6 5
1 94
3 18
4 48
8 27
2 9
8 22
9 17
7 36
4 46
2 82
10 38
6 70
9 97
3 88
9 14
5 63
7 48
3 87
10 14
1 2
5 53
1 55
5 89
3 57
7 71
2 70
1 57
2 22
5 31
2 46
6 74
5 99
8 18
2 78
5 96
9 81
5 78
9 3
5 74
4 95
1 53
10 84
7 80
9 45
10 44
8 29
2 37
9 34
1 71
7 95
3 35
4 79
2 41
1 71
9 40
1 25
7 12
6 65
6 22
6 81
9 43
9 51
9 7
5 12
8 45
9 4
5 31
6 17
9 11
1 11
1 51
2 9
7 31
9 37
8 90
7 100
3 44
10 61
7 84
10 55
2 48
4 42
5 55
3 100
5 83
7 52
3 80
3 91
7 6
2 32
1 1
3 66
1 52
2 91
9 72
2 39
10 50
7 13
8 5
6 98
2 70
8 15
7 20
4 78
7 27
9 83
4 79
4 1
7 72
2 70
5 5
6 84
10 9
1 3
6 3
1 99
7 26
8 78
4 4
9 74
3 81
10 12
4 7
7 42
3 79
3 69
9 97
3 41
1 83
4 61
10 58
6 67
3 2
3 48
6 66
4 84
5 60
5 15
2 15
4 64
5 97
4 95
3 58
8 33
7 24
4 22
3 81
2 23
4 94
7 37
2 98
7 42
6 16
4 85
4 24
10 100
9 73
10 36
2 9
1 31
4 98
5 43
4 95
7 75
4 34
10 21
5 25
8 72
6 27
2 73
8 91
6 7
1 17
5 73
6 53
7 65
2 90
9 2
8 37
2 92
5 15
2 96
6 2
3 75
5 31
1 60
9 49
1 64
1 18
9 85
7 0
3 77
7 95
10 78
3 48
9 1
5 12
8 10
4 32
9 95
6 78
1 16
1 63
9 5
2 17
7 42
1 91
2 61
8 79
8 40
2 13
4 87
2 50
4 88
1 55
2 49
2 77
7 31
1 80
2 10
5 86
10 80
7 98
3 8
8 99
8 97
5 50
7 14
8 19
1 0
6 37
7 95
2 7
9 81
8 69
6 16
8 60
3 44
9 77
7 53
5 66
8 91
6 94
6 71
10 20
10 6
9 42
6 88
5 98
1 27
7 84
9 39
4 7
4 90
2 22
3 56
2 80
6 15
6 42
10 30
7 95
9 38
7 20
5 94
1 2
2 37
3 99
1 29
5 91
10 77
6 37
4 19
7 10
9 67
6 5
2 94
6 90
5 16
1 46
5 52
2 61
2 36
9 65
3 53
9 48
10 57
8 49
8 73
2 74
4 5
10 69
8 44
1 49
8 30
2 36
10 7
5 23
5 91
10 34
2 87
2 74
6 55
1 56
9 31
10 32
10 78
10 60
8 68
9 67
6 39
7 20
4 94
4 65
5 66
10 48
8 51
8 45
8 31
4 31
4 3
7 59
1 78
9 38
4 8
9 58
6 86
5 11
7 63
6 82
4 11
7 74
3 99
4 89
4 99
7 52
9 94
5 85
1 67
4 7
3 88
2 23
9 79
8 75
6 54
3 62
1 71
6 78
7 63
1 52
2 48
3 72
1 56
3 64
8 48
3 41
5 97
1 79
3 92
3 90
6 61
6 70
5 5
3 1
1 84
1 83
6 97
4 57
3 31
10 71
1 8
6 66
1 0
10 6
1 68
2 22
2 19
10 76
4 59
2 17
5 92
4 25
6 7
2 49
2 58
2 22
7 15
8 84
1 30
5 95
9 99
5 3
7 90
1 88
1 83
8 20
6 67
6 16
1 30
9 25
4 94
9 43
1 77
2 31
8 33
7 14
5 54
8 97
9 21
3 62
8 55
3 6
8 1
7 94
1 27
6 79
3 100
9 100
9 61
8 11
2 80
7 61
9 30
10 60
9 90
2 4
10 21
4 43
10 77
3 46
8 96
4 51
3 62
1 93
3 5
8 31
6 19
2 78
1 38
9 54
10 7
4 20
10 68
6 13
9 76
9 75
3 37
3 98
9 8
7 27
10 51
2 63
1 88
7 44
1 86
7 24
3 50
3 5
5 38
6 34
4 67
1 2
7 70
5 69
6 39
2 11
10 57
5 40
1 51
5 49
7 99
5 42
4 96
5 45
9 82
4 58
3 28
8 20
7 63
1 82
9 55
8 47
8 5
3 73
6 91
2 6
4 11
1 24
6 100
4 62
7 88
2 69
1 44
4 66
2 76
10 54
10 15
9 21
2 7
8 87
7 92
4 9
8 33
8 85
4 21
5 62
3 60
3 65
6 48
5 43
5 33
1 98
10 38
3 51
3 34
7 81
1 96
9 37
5 21
5 12
1 32
8 72
7 42
5 73
9 53
10 57
6 18
2 2
9 86
3 62
6 39
6 72
8 18
10 27
10 85
5 57
9 65
4 81
6 28
5 84
6 60
8 47
6 19
5 20
7 33
6 75
1 15
5 2
1 32
7 100
9 62
10 45
3 89
5 37
4 54
4 2
3 4
10 37
6 46
6 63
5 72
2 16
1 6
3 96
6 36
6 39
6 90
8 53
5 58
10 8
8 90
6 80
3 32
5 25
8 54
3 95
6 20
6 92
10 87
8 31
8 53
6 84
3 71
2 65
7 42
3 96
9 57
3 89
4 11
4 39
7 40
8 56
8 23
9 65
9 3
2 36
8 62
4 66
9 62
8 41
3 80
5 5
3 52
7 8
5 48
9 25
6 40
2 46
3 71
4 12
4 22
10 84
5 61
2 64
1 96
4 85
2 2
9 1
1 86
6 20
7 0
3 31
4 44
10 97
9 92
1 89
3 42
7 14
7 93
7 8
3 57
3 98
2 84
7 80
6 96
2 17
4 9
7 45
6 86
10 74
1 43
2 60
2 71
6 48
2 73
4 33
9 17
8 56
8 19
5 96
10 81
2 64
5 62
4 53
2 54
8 48
10 40
1 91
1 42
7 56
3 2
5 23
5 23
10 60
9 46
4 0
2 1
8 47
4 88
3 14
1 83
7 47
6 98
3 78
3 81
9 29
3 39
4 51
2 95
10 22
7 65
5 85
9 8
2 19
9 24
6 60
9 61
4 68
7 26
4 99
9 50
10 10
4 28
5 73
6 54
8 30
5 19
10 3
4 23
5 87
7 55
7 53
7 80
4 13
1 4
3 7
8 76
10 86
7 80
8 97
5 10
6 66
6 27
6 49
5 86
3 81
10 75
1 53
7 80
2 24
8 11
4 43
4 2
1 35
6 92
7 90
8 6
4 62
5 25
2 80
7 79
1 49
6 94
3 7
10 73
10 60
5 2
8 25
9 74
10 86
8 98
7 15
4 38
4 59
4 14
7 28
8 93
8 21
9 100
2 66
8 85
2 72
6 49
9 8
4 39
10 70
2 85
1 94
3 71
1 21
8 36
4 85
3 44
5 16
7 37
2 3
5 32
10 73
7 52
8 36
3 59
1 47
4 8
1 52
2 34
9 6
1 5
3 55
5 17
1 5
9 26
8 67
5 60
8 68
3 88
8 4
1 28
5 2
2 83
7 4
4 6
4 61
10 70
2 97
6 25
10 5
9 14
10 65
9 8
6 77
6 77
5 39
9 16
3 67
9 49
8 13
1 51
3 64
7 42
9 92
5 56
3 8
6 55
7 39
2 40
8 100
8 98
9 9
7 27
3 44
6 49
6 62
6 83
9 75
3 71
9 90
5 54
9 80
9 86
7 81
3 2
3 92
9 25
3 6
3 32
5 94
6 68
9 76
7 96
4 35
1 29
6 4
4 5
5 85
3 45
4 80
5 87
10 11
10 41
6 93
6 88
1 67
3 18
9 37
1 33
1 14
5 70
5 19
3 89
2 18
2 21
4 4
7 37
6 49
6 16
4 55
6 66
9 7
4 12
8 4
1 46
5 56
2 21
8 57
2 6
7 29
7 82
5 59
8 50
8 16
1 59
5 79
6 19
5 30
1 34
5 31
4 41
9 75
7 86
5 30
10 81
8 43
9 6
1 14
10 24
7 84
10 34
2 47
3 73
3 20
7 33
8 13
6 95
2 80
10 94
3 12
8 38
2 22
3 84
8 6
8 23
7 14
9 5
1 31
3 6
5 18
1 40
7 18
1 83
9 38
4 76
9 31
5 62
2 73
2 99
4 9
10 23
2 54
4 8
1 80
7 43
7 74
10 24
6 94
9 40
5 23
9 16
9 79
4 39
9 1
8 46
4 49
7 15
7 3
8 77
9 85
10 14
1 32
2 71
7 17
6 7
7 17
8 75
3 59
1 14
9 26
10 3
8 57
4 14
4 73
3 75
8 48
9 33
8 75
2 82
9 20
6 10
4 25
8 92
3 3
3 87
9 85
2 68
3 97
7 28
10 45
1 97
1 20
10 54
2 54
4 8
10 61
1 44
2 26
9 81
6 40
5 2
6 79
3 11
5 85
3 14
2 90
2 79
6 50
7 74
8 26
3 46
10 12
4 81
10 94
4 51
10 49
8 66
5 21
2 19
1 55
5 57
9 84
3 90
10 88
2 95
2 59
6 41
3 18
10 90
10 31
8 96
2 86
9 93
2 9
7 99
3 10
5 26
2 95
3 86
2 27
6 31
4 52
5 63
3 36
8 85
5 87
3 19
2 1
6 9
6 77
9 22
2 46
4 24
5 87
2 37
10 53
2 11
2 72
7 66
6 50
3 50
5 71
8 92
4 43
1 93
9 67
3 6
10 43
9 49
4 24
8 96
1 26
9 53
8 86
9 21
6 55
4 8
1 23
3 17
4 94
7 83
2 49
8 57
4 76
2 78
9 19
10 32
1 95
1 15
3 34
1 41
8 96
1 8
1 74
6 24
9 48
10 28
9 64
5 49
10 85
7 13
5 15
8 75
7 11
8 96
8 71
2 34
1 76
7 37
2 18
4 97
1 52
8 54
10 81
8 55
2 71
8 18
2 100
5 67
2 8
6 87
3 44
3 0
6 24
3 70
8 9
9 90
7 48
10 40
10 83
5 33
4 75
9 12
1 32
8 63
3 43
4 71
2 74
8 90
1 12
1 11
8 21
9 55
8 77
7 17
7 32
9 12
7 45
5 10
10 58
1 70
10 20
2 49
2 68
10 87
9 30
7 73
7 30
7 2
5 100
9 80
1 49
5 37
3 98
8 89
9 70
5 15
9 59
3 24
4 54
9 81
5 45
4 28
8 63
7 68
5 84
7 69
2 96
5 56
2 69
8 74
8 5
9 64
8 62
8 50
9 47
3 15
2 22
8 7
9 58
10 19
5 81
5 1
6 7
7 66
8 15
6 51
9 53
3 50
10 20
1 93
1 29
9 78
10 80
8 41
8 17
8 64
6 83
7 97
10 92
8 69
3 31
7 90
6 29
9 11
9 79
9 45
5 54
5 87
2 10
2 66
8 6
7 93
10 82
1 30
7 93
8 5
8 14
4 64
1 3
8 45
7 34
6 100
10 31
3 79
10 18
8 24
8 48
4 61
5 42
9 92
10 38
10 63
5 61
5 11
8 88
3 88
6 68
10 23
5 25
4 52
9 53
2 25
9 28
9 47
8 43
5 4
1 81
6 38
1 74
9 96
2 24
4 19
6 44
6 72
8 82
6 88
4 13
9 25
1 24
7 34
6 90
8 5
5 89
2 55
3 32
6 48
9 85
2 7
6 74
5 31
9 100
1 31
4 21
10 59
7 35
2 43
10 30
10 26
1 36
7 42
7 64
1 2
8 64
1 63
6 9
7 95
6 11
8 54
1 9
9 76
6 82
9 28
10 27
6 25
4 19
6 29
9 25
8 72
1 79
2 58
4 52
3 93
10 60
7 12
3 84
4 76
1 59
8 36
4 48
9 33
5 22
9 0
3 98
10 47
7 25
6 31
3 28
9 19
7 94
6 70
9 89
4 14
7 9
1 33
1 30
1 27
8 57
3 91
3 48
1 65
10 97
7 7
8 66
2 62
7 54
3 56
4 60
3 39
3 93
7 94
9 60
4 36
10 81
9 50
9 43
8 2
8 34
4 81
5 58
2 78
3 19
3 95
9 24
7 80
6 62
2 52
8 89
2 93
7 60
5 61
3 75
9 64
4 39
6 15
6 49
4 20
4 58
9 1
10 18
3 61
9 37
7 14
3 4
7 51
2 30
8 53
8 2
8 80
9 21
4 32
8 78
8 67
4 65
2 4
9 11
3 19
7 98
7 67
2 18
5 82
10 4
10 69
1 31
1 76
8 0
1 97
6 32
10 11
9 3
3 87
5 73
3 41
7 89
10 49
3 32
2 82
7 86
7 50
3 0
7 69
7 96
8 73
9 86
9 58
8 41
1 21
5 19
1 97
2 92
9 85
9 74
4 13
7 33
6 87
6 74
10 39
1 89
7 11
10 27
10 35
7 15
2 36
7 22
5 90
7 84
5 38
9 70
9 96
6 9
1 22
7 11
6 43
3 85
9 86
6 56
9 1
3 72
9 30
5 31
7 54
3 95
3 64
2 48
7 54
1 96
6 56
4 89
7 86
6 95
3 56
2 89
7 32
6 14
1 16
2 93
9 23
10 86
1 35
9 21
4 88
6 12
1 56
4 71
7 23
4 86
10 97
5 91
9 0
10 98
6 14
3 40
10 39
3 88
5 89
4 1
4 79
10 72
3 83
7 74
10 10
3 76
1 71
7 81
7 45
5 77
6 31
5 31
7 81
8 20
5 26
4 96
1 42
1 18
2 3
8 38
5 80
3 86
7 36
9 73
7 8
3 65
6 35
9 53
10 18
9 63
5 22
10 80
9 3
5 55
1 86
8 71
7 48
5 57
6 79
4 60
5 23
3 45
1 64
6 51
7 39
4 78
3 16
2 42
2 99
4 64
7 89
8 82
6 91
1 40
6 98
2 5
2 44
3 46
5 62
4 8
7 44
10 1
9 37
10 72
3 23
1 34
8 13
2 22
3 9
3 3
10 16
9 42
6 94
1 10
1 35
10 87
7 100
8 81
9 31
3 49
1 16
8 78
7 91
9 34
1 15
2 94
2 4
3 88
9 11
6 63
2 99
7 55
3 89
9 84
6 7
2 93
1 39
5 22
9 72
7 9
10 22
4 1
6 64
5 88
1 8
5 56
1 54
1 57
7 13
4 17
8 80
2 75
7 65
8 90
2 92
6 99
6 60
2 64
2 60
8 8
7 45
10 31
5 45
6 53
6 0
8 51
8 95
4 25
10 88
1 35
8 77
1 98
1 3
3 97
1 46
3 79
6 81
9 87
1 24
4 20
1 25
5 47
1 27
9 15
8 22
6 44
2 80
5 89
6 14
1 86
8 6
7 44
1 31
2 50
9 5
7 19
1 86
5 13
4 15
2 23
2 74
4 35
3 57
4 95
4 74
7 45
8 32
10 82
2 54
4 8
5 48
3 68
4 74
9 24
4 70
5 14
6 86
10 43
9 16
6 13
4 48
2 11
4 77
4 3
4 67
7 69
6 99
5 22
7 16
3 14
1 65
4 38
5 94
6 57
1 29
3 85
4 23
1 87
1 32
9 95
3 52
5 32
8 81
7 13
2 20
5 28
4 90
10 25
9 72
9 31
10 83
1 29
1 54
4 94
5 86
1 18
9 98
4 94
2 50
10 81
6 43
6 86
1 66
2 67
3 67
5 28
9 12
2 97
10 44
5 29
2 85
3 75
8 30
8 77
4 98
2 2
1 7
10 87
3 8
5 71
10 8
4 29
10 42
4 47
1 1
6 58
9 93
1 39
3 50
8 100
10 8
6 42
9 33
4 17
9 29
4 29
2 62
5 49
10 71
6 79
3 30
3 62
1 99
3 5
9 53
2 51
4 39
3 3
8 56
1 58
2 1
3 85
9 54
3 72
9 97
7 25
4 34
6 54
8 75
2 83
7 14
5 67
1 11
9 68
1 44
4 54
1 46
1 95
7 26
3 54
8 17
2 62
1 64
5 48
1 64
9 47
5 15
6 3
8 25
2 17
4 37
1 78
7 11
1 16
7 27
1 65
4 24
6 60
8 73
4 10
6 62
10 69
9 12
9 44
4 61
9 12
6 91
4 73
4 66
1 92
4 50
9 24
3 52
4 24
7 73
7 48
2 91
10 59
5 44
10 13
1 23
3 37
2 86
2 84
8 38
5 6
2 69
1 18
6 76
2 77
5 34
3 90
2 60
5 2
4 87
8 28
7 46
10 63
5 91
10 96
1 81
3 42
6 45
2 7
6 52
6 78
4 92
3 29
9 49
4 7
4 82
8 62
9 4
8 94
5 61
10 79
3 45
5 63
8 39
6 22
9 50
1 15
2 51
10 55
4 8
4 63
6 29
2 31
3 82
6 95
3 7
1 36
6 17
1 63
5 4
9 73
4 29
9 73
2 35
7 28
1 49
5 11
7 30
6 6
6 56
5 49
1 18
5 36
10 16
5 17
8 92
6 6
9 5
2 36
4 91
9 25
9 17
4 89
4 33
2 4
3 62
10 8
1 29
3 44
5 37
1 23
7 84
2 13
1 8
2 31
9 60
8 14
4 75
8 75
10 57
9 92
3 44
10 35
10 9
5 30
7 12
10 14
10 48
9 19
5 16
2 89
6 62
10 89
9 9
6 66
7 100
3 34
9 83
3 64
6 78
2 25
9 26
5 53
1 36
5 42
10 92
10 19
8 13
8 15
8 40
8 86
1 5
2 35
2 100
9 100
10 29
8 75
2 56
4 51
9 27
2 37
8 86
9 65
1 40
6 74
2 12
4 21
7 40
10 63
5 45
8 6
2 83
4 49
2 13
1 69
2 26
7 94
8 37
10 53
6 59
9 18
9 54
4 78
6 70
10 41
4 33
3 54
8 88
2 66
9 43
6 79
3 98
4 10
5 93
4 24
7 40
5 33
8 21
9 38
8 38
4 22
9 6
3 13
1 1
10 22
3 64
9 42
7 24
7 32
10 13
6 68
3 29
7 92
8 59
7 70
5 34
8 68
2 72
6 57
8 98
1 98
4 74
7 17
4 10
5 31
3 54
2 5
10 78
5 61
6 52
10 59
3 53
3 80
5 14
9 94
10 65
8 95
7 85
9 73
4 29
2 64
9 28
4 37
6 59
1 8
9 13
4 41
3 29
9 90
7 89
1 9
7 57
7 38
8 78
5 81
6 83
7 74
8 81
7 28
7 77
5 25
8 73
3 34
6 26
8 100
10 82
9 34
5 47
3 98
3 16
8 22
6 87
8 79
5 14
3 28
6 52
9 15
1 62
9 79
1 54
5 99
3 38
5 17
4 93
1 80
3 81
6 5
4 36
8 32
6 26
8 29
6 60
5 22
1 63
3 22
8 81
1 23
1 83
10 99
2 77
7 3
1 36
10 55
10 51
9 85
1 8
5 96
10 88
4 32
7 63
7 87
6 35
3 11
2 90
9 13
7 27
1 81
2 6
2 77
2 67
4 28
1 0
2 41
2 21
9 68
4 59
5 34
6 16
8 57
9 41
3 58
1 15
4 20
8 51
2 8
3 52
8 54
4 30
4 26
10 90
7 67
2 82
10 89
8 51
2 72
1 15
9 59
5 62
8 44
3 33
3 82
1 86
4 58
6 51
2 15
6 3
6 41
10 27
7 93
6 97
9 80
10 27
4 42
4 45
4 3
6 55
3 41
8 79
1 90
5 74
4 16
9 95
6 16
7 3
2 50
1 95
8 78
4 56
9 15
6 20
9 21
1 68
2 16
7 44
2 97
6 53
1 18
6 84
10 77
1 83
5 46
5 77
6 64
9 45
5 74
6 18
5 59
5 68
3 29
6 31
6 11
4 76
3 1
2 53
9 80
3 94
2 28
4 1
4 99
10 66
3 25
5 39
3 90
5 17
10 20
10 20
4 79
10 8
4 54
7 82
2 4
6 93
6 68
5 57
6 82
3 79
5 59
7 9
10 6
4 55
7 79
2 35
8 66
3 84
6 28
3 76
5 89
6 82
1 22
7 71
10 75
2 99
6 14
4 2
3 94
10 67
10 43
6 42
6 78
9 12
3 26
3 48
6 50
5 48
7 74
5 24
9 36
5 59
1 2
10 52
10 65
5 85
4 55
1 37
2 27
4 87
1 29
9 4
6 68
10 100
1 58
4 22
10 60
9 8
10 81
4 47
1 74
1 26
1 17
1 4
4 58
3 18
4 8
8 75
9 17
8 69
10 53
6 98
10 77
1 86
2 86
1 67
4 7
4 51
9 7
8 39
5 60
7 78
7 36
10 2
6 31
2 88
2 61
6 69
7 72
7 28
1 37
2 96
1 14
2 34
4 27
4 96
4 40
8 93
2 36
4 24
2 57
10 1
8 76
2 23
1 89
4 58
4 32
3 95
2 28
6 6
9 29
10 48
3 76
3 16
4 99
10 11
5 70
5 35
2 52
4 17
3 83
10 33
6 92
8 70
6 93
1 67
5 64
4 28
3 14
6 89
4 94
2 29
7 91
10 64
10 1
2 4
6 25
4 87
6 28
10 83
4 83
2 44
10 14
3 66
4 24
2 53
1 20
7 13
10 28
7 98
1 83
3 38
1 66
6 13
7 11
7 27
10 82
4 1
3 24
3 44
10 50
2 97
2 45
7 70
3 11
2 46
1 23
5 88
4 37
4 76
5 13
8 92
5 13
2 25
10 35
10 69
7 42
3 96
6 51
6 40
6 11
10 50
10 23
10 13
2 16
4 14
4 91
7 17
1 100
1 55
2 92
4 79
6 61
3 95
7 49
5 12
6 46
5 37
4 92
8 67
5 68
3 35
4 63
5 39
4 35
8 94
4 12
10 68
10 65
10 4
4 47
3 68
8 1
5 52
9 37
2 30
5 31
6 42
6 62
4 99
2 62
6 66
10 46
6 23
2 60
5 7
2 69
7 56
10 21
10 79
10 37
9 56
2 34
4 85
5 91
5 39
2 96
8 90
10 46
1 20
1 9
5 56
7 24
7 84
3 83
7 34
9 31
5 14
7 88
4 14
1 75
10 43
8 9
8 3
2 43
2 42
1 19
9 46
5 49
9 56
8 52
1 14
9 37
3 30
4 10
10 28
3 67
2 26
6 81
9 36
8 92
4 82
4 14
9 65
9 23
4 45
4 78
10 34
4 52
3 71
9 6
8 58
4 50
5 17
4 72
5 67
6 68
6 70
1 3
9 99
5 2
3 11
1 46
3 84
5 46
10 86
7 13
2 93
5 50
4 33
4 24
1 35
4 54
9 18
5 14
9 82
7 3
1 87
3 80
9 15
4 60
9 86
6 18
7 30
6 52
10 17
1 39
5 94
9 32
3 29
9 49
9 43
2 55
5 86
1 92
7 98
7 17
8 30
4 27
3 6
2 10
4 74
6 98
8 60
4 76
1 68
8 12
2 53
2 98
1 33
4 31
2 2
6 77
3 75
1 88
8 89
3 99
8 40
7 82
9 16
5 66
7 6
1 60
2 61
5 27
5 75
3 89
2 51
10 7
3 93
5 3
7 37
9 68
9 54
1 31
8 100
7 0
2 67
7 76
1 58
5 57
1 98
3 59
9 20
9 62
9 31
3 5
7 15
4 63
9 63
2 19
9 23
6 5
4 50
2 54
8 98
7 42
6 48
3 63
9 39
7 38
7 29
8 79
2 0
8 43
7 50
5 94
2 32
9 92
5 73
2 71
2 75
6 74
10 54
6 86
3 31
8 0
1 99
5 85
7 34
5 30
4 10
1 10
3 51
6 30
9 53
6 6
6 41
10 80
1 22
6 61
5 17
10 28
4 55
3 76
5 100
8 54
6 15
8 21
7 30
1 96
7 11
9 60
3 69
4 69
9 60
8 27
7 3
5 81
8 31
2 94
2 24
1 33
7 35
8 100
1 42
10 24
7 33
5 56
4 25
10 78
4 30
6 15
4 31
3 69
6 79
7 28
3 29
7 9
6 69
5 82
10 60
4 90
4 49
7 58
7 44
2 20
9 3
9 15
8 44
3 11
1 18
7 4
10 88
8 34
9 19
6 50
8 66
1 9
6 58
6 81
9 8
8 57
4 29
1 21
3 49
7 59
4 34
6 14
6 61
10 70
6 2
6 43
2 22
3 3
1 72
1 27
1 3
1 39
7 92
4 9
1 64
5 77
9 71
8 36
4 2
6 24
6 45
2 36
3 78
7 89
6 89
2 46
3 29
1 69
8 28
8 0
2 8
4 72
1 11
1 70
4 92
6 84
2 21
5 87
2 67
3 81
3 31
6 11
8 44
3 36
10 16
10 24
6 48
6 7
1 81
10 14
10 16
6 37
10 12
1 85
6 33
1 78
5 59
9 100
5 56
9 84
1 57
9 57
1 81
6 70
1 7
1 90
3 20
5 90
6 1
1 92
5 0
2 9
8 31
6 5
8 15
8 98
5 16
8 32
7 75
10 80
7 77
2 56
3 20
7 63
6 98
9 56
8 56
6 59
10 59
5 48
2 77
1 27
2 87
5 64
5 90
5 71
2 6
5 31
10 6
2 36
2 68
5 7
10 1
5 22
10 90
10 38
8 36
8 29
2 100
7 63
8 57
8 21
10 21
4 12
4 54
10 19
10 5
5 2
4 17
8 21
1 42
4 26
3 62
5 60
5 43
3 20
3 82
1 41
4 46
6 96
8 72
6 88
10 100
7 76
2 98
1 91
9 56
3 100
4 95
1 44
3 20
2 41
3 91
4 3
10 61
6 2
7 23
5 100
5 59
5 13
4 16
8 6
3 100
9 48
6 35
2 62
6 32
1 93
2 38
2 30
2 69
8 32
3 72
8 11
9 99
8 99
1 13
7 7
2 34
3 71
9 82
5 11
1 71
7 7
4 90
8 73
10 51
4 8
8 23
5 19
8 41
5 73
2 14
2 38
5 47
1 82
8 43
4 3
9 65
6 53
2 41
6 75
8 76
3 41
8 38
1 71
8 67
8 29
9 98
8 94
3 16
2 2
2 12
1 79
4 52
4 3
2 33
5 51
4 85
6 4
7 71
3 18
2 32
4 32
5 55
8 71
3 65
8 78
3 94
4 27
5 57
3 6
4 87
8 12
9 90
6 32
1 99
9 57
2 72
3 90
8 10
4 0
4 21
10 53
7 59
5 97
3 5
4 27
2 64
10 74
8 83
4 53
6 94
2 53
5 33
3 31
8 27
1 35
5 31
6 64
8 99
5 17
10 78
4 15
3 0
10 79
4 30
10 88
7 2
7 24
3 62
9 95
4 94
7 48
8 95
3 21
5 38
9 11
9 7
2 90
7 0
7 47
9 28
2 41
8 34
1 42
3 39
7 89
1 62
10 52
4 10
1 50
3 44
1 100
6 51
8 0
9 89
9 24
2 68
3 84
8 21
7 25
9 76
2 19
7 93
4 52
10 93
1 60
10 66
10 97
7 43
10 14
9 60
7 70
6 44
3 56
7 89
4 88
7 9
2 66
2 68
10 90
4 5
3 74
4 54
9 57
5 29
9 41
2 51
5 73
10 6
1 91
9 58
10 2
5 14
6 89
9 57
7 36
1 70
6 61
7 48
1 28
7 44
10 19
7 44
8 72
3 53
1 62
8 24
3 23
8 59
10 23
10 20
8 55
3 96
1 7
8 73
8 57
4 4
2 85
9 14
1 1
4 6
6 99
3 66
3 7
4 99
4 35
6 78
9 92
6 31
2 39
2 49
5 64
9 8
1 20
7 3
5 42
10 89
9 36
3 38
8 11
10 40
1 4
2 39
7 41
6 69
4 81
1 69
8 71
5 15
6 1
10 61
8 23
9 80
5 88
3 86
4 77
10 72
7 13
10 99
3 50
5 85
3 46
6 60
5 26
1 58
6 39
3 98
8 92
5 70
6 24
7 8
7 95
3 69
8 54
10 8
3 16
1 53
3 44
8 97
10 59
4 0
9 10
9 29
9 63
8 53
6 52
5 4
2 36
3 14
10 51
7 74
3 6
5 95
8 96
2 79
1 3
8 44
7 52
1 88
3 38
7 2
9 73
3 77
6 76
7 24
3 45
3 7
4 62
9 54
10 81
10 92
8 80
2 10
8 58
2 99
4 74
1 89
9 71
3 95
10 59
2 44
1 86
9 12
4 18
4 36
1 59
3 21
6 32
5 33
1 43
6 25
7 40
6 40
2 70
10 49
4 92
7 89
8 90
3 87
8 18
10 67
2 33
9 5
4 49
1 41
8 0
8 71
1 5
1 55
6 89
6 37
6 74
1 60
7 52
2 65
5 39
8 97
1 5
6 53
4 29
8 17
7 62
2 87
4 35
9 21
5 21
5 66
4 62
6 70
2 74
6 6
5 53
8 68
6 57
5 32
5 7
2 20
3 34
6 32
4 28
10 42
8 59
9 81
8 53
9 98
5 98
8 28
4 69
7 89
3 10
7 89
8 3
2 65
7 16
5 47
2 99
8 41
8 79
3 93
6 28
10 72
10 63
5 19
9 73
9 22
9 21
3 36
6 91
2 52
3 53
4 44
7 62
3 61
8 16
10 60
2 18
4 28
7 71
10 51
9 67
5 85
4 20
8 35
8 57
7 46
10 29
6 85
9 49
10 32
4 58
5 10
7 29
4 20
3 32
10 63
9 9
5 77
5 71
2 38
3 100
6 47
10 94
8 53
8 14
7 37
10 69
9 52
3 12
2 42
2 13
5 92
4 74
9 35
4 1
4 9
3 62
1 64
7 47
5 42
9 54
6 76
6 74
5 47
5 2
10 47
1 88
2 4
8 80
2 49
3 22
5 78
10 93
6 31
10 85
7 79
10 31
8 34
3 85
2 13
10 100
3 35
1 10
3 20
9 27
10 90
3 49
9 79
7 60
1 28
4 45
4 76
10 98
4 74
8 87
6 5
3 60
4 96
1 93
8 94
5 93
1 100
9 50
6 65
2 85
6 85
3 23
4 87
1 70
5 58
4 21
2 51
10 87
9 1
5 46
6 84
7 47
5 83
9 21
9 53
9 17
3 73
4 79
1 87
9 84
2 75
4 21
9 51
3 67
4 50
4 24
7 69
3 52
4 83
2 0
7 87
4 60
1 33
10 42
8 44
5 6
4 4
1 12
4 39
1 89
7 18
7 50
6 77
4 8
6 41
3 32
1 27
6 88
5 4
3 46
10 46
9 12
2 71
3 66
2 12
9 35
1 64
8 46
10 15
3 39
10 5
9 4
9 2
9 9
10 32
5 5
9 79
4 65
1 67
9 7
9 28
6 62
3 66
4 93
7 38
1 3
7 25
4 64
5 97
8 41
3 92
1 37
6 21
6 83
7 47
4 17
7 47
10 93
1 69
3 98
4 15
5 59
8 64
5 97
8 36
10 37
4 73
6 55
7 53
4 64
4 83
10 21
4 17
2 54
5 33
2 65
7 89
7 5
9 66
4 49
10 82
7 84
2 66
3 31
7 5
4 67
4 100
3 4
8 60
4 99
8 33
2 96
7 42
7 39
4 36
2 99
4 56
9 81
5 12
1 62
9 94
2 64
8 41
3 71
1 24
4 48
7 46
3 56
2 16
2 3
3 76
9 93
4 21
3 28
1 39
4 42
6 95
4 42
7 48
7 42
2 80
1 12
5 68
7 75
4 70
9 46
5 43
6 77
8 26
10 95
5 36
4 8
4 52
9 79
6 64
6 60
10 39
2 84
2 35
4 69
1 4
2 87
4 33
2 28
4 72
7 1
10 84
4 38
8 68
8 97
6 12
6 13
4 51
5 32
1 56
3 8
3 54
2 19
8 31
4 6
8 96
10 26
4 32
8 72
9 39
1 98
5 28
7 11
3 99
3 53
4 2
2 60
7 74
4 87
1 0
7 18
7 99
2 19
10 65
4 21
2 55
5 55
2 47
10 71
3 2
2 42
4 8
4 32
8 53
1 63
5 4
9 11
1 6
7 61
10 37
4 91
5 62
6 43
3 38
1 86
1 69
8 79
7 92
5 24
8 54
6 87
5 91
2 52
6 40
2 9
9 20
2 100
3 55
1 12
3 60
4 54
7 32
3 10
3 62
5 16
8 82
6 79
5 56
5 97
1 55
8 74
4 36
2 39
6 0
10 3
10 100
6 9
7 13
8 14
4 80
6 5
7 22
7 51
6 82
9 36
5 34
4 18
9 81
7 13
8 70
10 13
2 76
7 35
4 51
10 57
9 46
2 86
7 52
2 34
3 67
2 42
1 44
3 7
3 99
7 43
10 94
3 58
1 0
10 55
2 99
9 38
6 44
7 21
10 83
9 30
4 9
6 11
5 78
9 83
1 35
6 76
8 58
1 49
6 24
7 77
8 30
10 89
7 47
6 34
5 18
9 100
5 1
1 85
10 66
8 45
4 22
1 21
3 77
6 60
1 35
4 96
9 69
6 98
6 75
9 71
4 34
8 62
5 66
3 76
4 55
1 10
1 38
4 8
8 12
8 85
7 84
6 70
10 32
1 0
9 46
5 98
2 70
7 9
1 22
7 83
9 27
10 86
7 63
9 0
7 11
8 71
3 14
1 45
2 20
6 14
8 35
5 36
9 13
2 24
1 38
3 41
7 60
4 84
3 11
2 23
10 28
10 10
4 6
6 74
1 28
8 45
9 6
6 41
4 3
7 86
4 73
2 33
1 84
9 64
9 99
5 60
5 63
3 94
9 12
1 50
2 82
9 29
2 74
2 40
6 84
10 60
4 42
3 77
4 43
5 40
5 30
1 16
2 25
8 65
10 85
3 54
7 60
10 77
4 83
3 54
8 40
9 49
5 7
8 92
5 25
9 71
1 8
3 67
4 50
7 42
4 58
7 84
2 79
2 96
4 95
3 72
4 75
8 81
9 33
1 12
2 65
5 8
4 80
7 51
3 41
2 46
4 41
4 11
5 37
4 37
4 31
2 9
1 80
1 21
8 66
6 52
6 62
7 15
3 79
7 64
3 6
5 73
6 73
5 21
5 40
6 82
5 60
4 23
2 33
5 61
6 36
5 71
6 48
10 68
2 52
10 57
4 46
5 95
6 47
3 39
5 72
2 50
5 71
10 73
9 53
1 89
8 94
7 25
8 17
1 50
1 58
2 70
10 99
9 3
1 53
4 36
3 3
5 80
8 27
7 16
4 46
8 5
10 95
7 62
6 70
4 10
3 71
7 61
7 13
2 57
5 4
10 26
3 36
2 40
5 26
9 93
9 44
5 69
8 62
1 39
2 25
6 6
10 13
9 63
3 52
2 95
4 18
2 66
1 34
8 28
5 65
5 54
4 16
2 92
8 68
4 53
1 54
5 39
3 84
1 10
1 21
3 88
6 27
3 79
4 88
5 3
1 28
4 57
6 17
4 36
10 88
4 12
5 26
9 19
10 24
8 10
8 85
10 44
10 65
2 67
4 30
10 59
10 57
10 74
10 0
2 11
8 95
4 84
8 10
2 72
5 34
10 82
6 62
6 95
10 27
1 85
3 45
6 28
3 72
3 99
7 50
3 69
10 26
10 34
4 86
9 8
7 3
8 35
10 99
9 15
3 71
4 10
1 88
8 46
10 7
7 58
5 28
8 78
2 89
8 31
7 93
7 45
5 70
6 64
10 40
2 7
4 32
10 66
8 49
4 47
5 21
10 79
10 92
5 59
3 91
3 83
6 4
4 49
8 77
6 57
6 5
9 88
6 36
5 89
3 30
1 62
6 25
4 0
7 41
7 67
6 86
3 52
7 42
7 64
4 67
3 6
1 80
7 5
2 3
4 62
1 66
8 17
3 28
6 50
1 97
7 60
9 28
5 85
3 51
10 77
2 100
9 5
9 37
10 53
6 81
5 28
9 29
6 48
1 84
3 79
1 87
10 76
1 21
1 45
5 10
8 37
2 59
10 31
6 74
5 60
2 47
3 36
9 5
8 67
7 93
1 62
3 39
2 69
4 14
10 8
7 89
2 71
3 82
2 83
10 100
2 79
3 85
7 70
1 5
10 1
6 42
1 90
3 20
1 29
2 61
6 22
3 68
1 43
10 18
6 57
5 81
6 95
1 20
5 35
9 6
2 98
3 85
7 35
6 16
9 73
4 66
10 82
9 16
6 98
10 56
3 80
3 49
6 42
8 41
3 43
2 75
6 91
8 52
4 62
9 77
1 51
8 89
8 34
10 10
10 95
4 92
6 38
2 18
5 6
4 68
3 41
1 56
3 73
2 66
4 38
8 32
10 50
2 53
9 17
3 8
7 0
7 78
2 49
7 23
9 43
10 96
6 90
7 56
6 53
10 83
1 97
4 18
3 68
9 52
8 16
8 52
4 59
2 45
7 10
5 0
5 96
8 77
1 13
1 96
9 56
6 15
6 19
1 72
7 20
10 82
10 92
9 39
3 30
7 4
10 70
8 86
5 32
8 89
2 99
2 20
5 15
3 23
9 13
5 35
9 21
7 72
8 23
4 82
5 57
8 66
3 40
10 93
2 37
4 93
1 91
1 14
8 39
8 18
8 42
5 12
4 14
3 97
3 31
3 42
5 37
1 100
9 63
8 72
4 19
5 99
7 0
2 83
10 73
10 91
4 68
6 53
3 16
10 23
3 16
7 65
4 18
7 21
2 27
9 85
9 5
1 95
1 56
10 78
2 58
3 46
4 15
8 4
3 29
7 25
2 2
6 2
5 15
4 51
10 90
10 69
10 48
4 25
4 0
8 49
3 6
10 28
9 98
7 11
2 49
1 18
9 16
2 41
3 32
5 34
9 100
6 87
8 68
8 93
1 77
2 76
7 63
8 48
5 44
8 5
1 69
1 80
2 29
6 86
6 79
4 91
1 7
8 66
5 46
5 33
4 58
2 46
9 17
1 1
2 41
1 100
9 99
9 16
4 94
1 92
10 12
9 91
4 84
4 92
3 88
8 48
9 20
8 18
5 62
8 6
8 15
7 57
5 52
4 24
3 96
4 16
5 76
10 40
1 82
2 46
4 31
6 51
10 77
7 45
5 8
4 32
3 8
4 24
4 5
10 90
5 82
5 74
8 64
7 82
9 12
7 60
2 58
6 73
9 56
7 47
5 53
2 40
9 81
9 7
8 33
9 27
8 2
1 99
6 12
1 7
4 45
3 46
8 20
10 73
9 26
2 93
8 6
7 56
8 69
3 85
6 31
1 83
6 92
2 80
5 65
7 15
3 54
8 4
3 43
8 59
2 15
8 1
10 64
5 50
4 28
6 54
6 3
5 28
9 39
6 5
8 35
8 78
3 77
1 81
10 86
1 16
6 35
3 47
2 23
3 45
1 7
2 67
2 96
8 78
7 90
9 40
2 62
8 2
6 78
2 3
10 76
6 74
4 83
5 89
1 85
9 79
1 27
7 23
3 34
10 57
7 68
1 94
2 90
1 14
6 18
3 22
8 1
10 66
9 22
7 52
10 72
10 67
1 42
1 46
10 18
5 35
7 31
4 72
7 80
3 33
10 40
6 47
2 84
2 12
1 52
8 6
2 93
1 77
1 8
1 94
3 68
6 83
10 22
1 10
1 39
3 76
4 84
9 79
3 70
3 21
3 2
2 63
7 99
2 69
6 35
4 7
8 70
10 1
8 20
5 73
9 60
9 75
5 28
1 9
2 64
2 8
9 30
5 47
4 34
5 88
3 20
2 47
7 74
6 65
8 75
7 60
1 87
8 67
2 94
1 70
6 50
9 29
5 26
8 83
9 58
7 83
4 27
1 18
9 61
6 37
8 50
6 79
3 90
3 12
6 84
4 92
10 36
1 29
5 3
8 10
6 50
10 15
6 8
3 88
5 7
1 23
5 35
3 10
4 14
7 37
8 93
8 60
9 73
1 98
5 27
6 54
6 3
5 56
9 100
6 67
6 25
3 96
4 45
7 35
9 22
10 60
3 91
4 83
7 81
10 11
10 63
1 6
1 44
2 97
3 20
3 89
5 1
2 45
4 0
3 90
2 4
7 42
1 24
7 88
6 44
5 43
6 62
7 83
8 23
5 84
3 36
8 41
3 84
5 12
5 23
5 75
3 46
1 49
5 2
5 100
8 52
3 63
9 44
9 44
9 87
2 19
8 84
10 54
10 92
1 0
4 3
5 25
5 45
9 24
7 84
7 15
7 33
4 99
4 9
4 99
3 3
7 42
3 13
8 1
10 28
10 21
1 37
4 96
1 64
4 14
3 34
10 15
5 33
2 4
8 31
4 8
7 7
9 6
7 92
9 15
9 95
2 23
10 8
1 3
3 35
6 17
3 69
3 66
7 45
1 33
3 17
3 78
7 87
6 9
7 25
7 93
7 82
4 3
7 67
4 43
4 76
9 89
3 56
2 18
9 86
9 68
10 36
1 39
7 42
6 36
10 100
6 90
8 53
1 77
10 22
5 46
7 76
9 48
7 9
1 63
10 100
1 60
2 48
6 56
10 1
8 37
6 53
4 37
4 31
8 60
7 47
8 68
5 66
7 91
8 24
3 14
3 3
7 75
4 14
2 94
3 93
1 12
9 93
6 43
3 88
2 13
10 90
1 86
2 8
10 98
8 17
9 44
6 45
9 27
2 84
8 41
2 1
4 34
8 3
6 76
10 24
7 88
7 12
4 14
9 96
1 54
1 72
4 85
5 62
10 54
3 54
1 13
8 48
10 73
8 98
10 10
7 89
1 31
7 20
7 61
9 12
1 9
6 34
6 73
5 38
10 54
9 92
5 3
10 86
7 73
4 21
7 7
1 100
1 78
4 33
8 30
6 4
7 1
9 23
8 94
7 15
5 16
4 59
6 94
3 81
2 55
2 81
10 12
4 77
8 2
3 16
8 79
9 51
5 40
2 73
1 86
1 89
2 24
3 90
10 42
7 95
3 70
1 98
9 61
8 27
2 70
7 42
2 48
10 89
9 68
8 42
2 31
10 37
2 28
8 79
7 97
10 5
7 28
1 54
4 89
10 59
1 95
10 44
6 6
5 91
6 80
9 0
10 1
8 78
2 29
3 11
7 41
6 74
3 61
7 88
6 58
10 2
6 83
6 28
3 48
4 21
3 80
8 83
4 83
1 35
3 57
6 6
3 11
10 6
10 68
2 8
1 100
2 99
2 35
1 76
5 76
7 90
2 16
5 70
5 72
4 66
10 58
10 62
5 71
1 4
6 25
7 57
9 1
5 32
9 74
1 34
5 53
9 0
3 66
4 48
10 69
1 55
4 21
5 13
1 61
5 99
9 77
6 10
6 11
1 33
7 69
1 68
6 78
4 76
10 68
9 1
3 17
9 53
1 82
3 26
4 29
2 80
9 97
4 96
4 19
5 55
10 83
2 53
6 71
9 5
6 54
1 44
10 37
4 56
6 33
3 93
1 77
3 95
3 50
9 30
5 44
9 5
2 71
7 69
3 96
4 48
10 40
2 45
6 10
8 16
9 93
10 17
8 37
8 18
6 85
1 4
7 11
5 18
7 65
8 19
7 98
3 5
9 88
5 50
4 70
4 62
7 92
7 77
10 20
8 64
2 2
2 62
5 20
3 79
7 35
8 74
6 65
3 94
4 85
4 95
9 92
3 4
2 86
9 29
7 37
10 43
8 96
8 84
3 15
2 46
6 65
3 93
2 50
9 90
6 98
1 46
10 71
9 80
7 64
10 72
5 84
5 18
3 27
8 47
4 63
3 14
3 53
7 69
6 43
10 23
3 96
7 60
4 34
3 53
10 65
4 46
2 33
7 31
5 5
10 76
10 37
3 88
8 38
8 92
7 77
3 21
1 60
4 75
9 18
9 69
2 56
2 4
2 34
1 81
8 81
8 74
8 90
3 87
6 88
4 11
4 66
4 65
8 86
7 84
10 21
8 41
6 51
6 21
4 47
6 76
1 52
8 54
8 33
3 8
6 26
4 6
3 76
9 21
3 4
6 53
4 74
5 13
3 15
1 28
1 30
10 93
2 90
7 93
2 47
9 90
10 64
8 79
8 92
3 93
1 30
2 91
9 59
6 36
6 92
4 3
1 16
6 77
10 36
9 27
9 17
7 18
7 97
8 58
1 65
8 27
2 40
4 12
4 78
2 99
9 12
10 90
6 31
10 86
2 12
3 71
8 58
3 40
10 30
10 27
5 76
3 18
5 5
7 29
7 86
5 24
8 87
9 9
1 32
1 96
5 43
1 50
6 35
8 75
1 15
7 22
9 25
6 75
3 0
4 5
7 31
1 10
9 32
8 65
4 76
7 47
1 58
1 32
10 87
9 6
7 55
1 62
10 28
2 85
7 20
3 78
3 6
10 35
8 31
6 91
5 97
10 29
1 77
1 50
4 91
6 46
10 99
6 73
2 15
4 83
6 93
10 35
1 47
10 4
3 13
8 82
4 34
2 16
7 39
7 100
8 46
5 27
1 71
9 10
10 14
3 39
2 68
8 40
8 46
6 100
7 10
1 68
4 92
1 93
7 19
1 12
2 49
10 20
8 62
10 0
9 32
10 23
2 15
1 55
4 40
3 3
4 40
5 66
3 10
9 46
10 27
8 20
1 41
1 16
1 46
6 94
6 18
10 87
1 26
3 57
2 21
9 99
1 56
6 66
3 51
8 3
2 95
8 18
10 9
1 46
9 52
7 83
2 81
1 91
7 44
4 76
3 66
5 93
7 62
9 59
9 73
6 11
3 43
5 91
7 53
9 57
2 84
5 24
10 27
9 2
5 60
7 39
7 10
4 13
2 80
4 8
6 47
6 39
2 69
6 60
5 24
2 68
9 57
7 94
4 6
5 58
5 54
5 73
8 1
5 70
3 15
1 81
7 84
4 50
6 71
1 29
7 6
8 67
10 68
4 28
1 87
6 62
9 92
10 49
3 6
8 68
2 5
8 61
4 84
5 24
9 15
7 81
5 61
10 55
8 56
5 58
6 48
4 60
9 76
5 90
8 22
6 98
3 94
8 23
4 84
7 11
3 96
6 65
10 19
2 22
6 18
8 43
5 52
4 54
9 24
10 33
7 29
8 50
3 66
1 94
2 2
6 61
6 19
4 66
2 36
8 70
2 39
10 17
7 69
7 16
6 93
10 46
9 41
9 0
1 58
8 67
4 55
9 47
1 88
10 64
3 82
8 13
3 75
10 88
9 34
6 79
7 1
8 23
10 91
6 85
2 73
10 49
2 27
8 10
1 6
9 59
10 24
4 84
2 97
8 9
1 5
5 43
7 55
2 21
9 51
7 79
10 62
10 27
9 46
7 73
1 5
8 19
1 49
7 64
8 90
8 22
1 9
5 24
3 28
3 54
5 72
10 30
2 85
6 12
7 49
3 0
6 53
2 96
1 16
3 72
4 45
1 69
2 96
8 78
7 43
1 16
1 47
3 43
2 36
4 63
1 26
1 9
1 96
3 37
10 42
9 99
6 16
4 49
8 92
2 21
7 98
4 61
6 34
9 72
7 57
10 0
1 71
3 95
6 84
4 36
8 41
2 72
8 31
10 33
8 42
9 93
9 31
10 66
2 23
6 1
5 23
8 67
10 15
10 64
8 57
2 18
4 79
10 89
8 87
9 71
3 75
10 79
1 47
6 5
1 5
6 73
3 74
3 56
10 32
8 87
3 29
10 67
6 85
2 63
9 58
7 3
5 81
1 64
5 96
7 5
2 41
2 100
10 22
4 88
8 15
3 5
2 31
7 17
8 60
9 50
1 31
3 66
2 75
4 19
7 36
1 14
7 91
2 52
4 42
8 75
1 4
7 1
10 41
2 27
3 100
5 46
9 84
1 82
9 71
1 45
4 95
2 42
6 97
9 52
6 7
4 90
3 48
6 25
3 20
7 72
8 66
8 76
9 76
5 81
3 5
1 97
6 25
4 76
6 48
9 4
7 58
9 41
2 17
10 19
9 78
8 28
2 65
9 71
8 89
2 28
9 86
4 17
10 92
1 97
7 77
7 25
5 74
9 17
8 68
10 68
10 66
6 26
1 80
3 68
4 51
1 17
8 19
5 92
10 58
1 69
7 99
7 11
9 0
3 34
1 12
3 49
7 46
5 77
2 67
7 86
10 15
4 86
8 97
5 51
3 36
1 58
7 78
4 91
4 79
9 56
4 0
6 45
4 19
8 52
2 95
10 39
6 89
5 58
4 35
6 48
4 21
5 87
9 28
1 49
7 64
2 38
1 45
10 68
10 1
5 46
9 0
6 79
10 43
6 61
10 41
3 95
5 69
7 97
5 6
6 34
2 82
7 31
9 59
2 20
3 57
2 78
7 98
1 33
4 92
7 73
3 0
4 20
3 92
10 46
8 62
8 7
2 100
2 55
10 58
1 4
2 32
6 80
5 100
1 11
8 67
6 67
9 70
6 86
3 93
7 85
7 66
3 21
7 90
4 87
9 92
5 34
10 98
2 7
1 91
8 69
1 89
6 45
3 99
5 44
5 75
1 70
9 45
7 56
1 62
5 4
10 59
1 58
3 22
1 84
1 61
7 47
2 100
4 44
6 13
2 42
7 21
6 93
2 36
4 51
2 63
1 55
9 42
4 23
5 3
4 67
4 88
10 17
5 25
7 42
7 14
1 10
2 2
9 87
7 50
10 89
2 72
7 61
3 36
4 31
7 36
1 10
2 89
1 69
8 66
4 56
6 79
10 86
10 95
1 90
6 25
8 18
10 42
4 64
4 17
4 91
2 1
2 79
8 82
10 83
10 38
6 100
6 95
4 79
2 13
1 62
1 60
1 49
3 43
6 63
7 12
9 62
6 22
9 56
2 2
6 61
10 33
10 69
6 95
9 100
2 49
3 20
3 15
7 81
8 4
9 37
8 46
9 38
6 7
10 24
4 49
5 44
3 67
9 44
5 52
9 6
2 11
7 72
6 19
2 74
6 28
5 32
9 59
7 13
1 69
4 40
8 22
3 23
7 17
8 90
10 84
1 78
3 20
4 37
9 50
3 8
6 57
10 73
2 54
2 100
10 15
7 75
2 42
1 80
4 89
1 85
8 39
3 20
10 17
4 67
10 22
10 68
1 37
6 96
1 57
4 38
9 58
1 59
5 19
6 22
3 58
9 33
6 38
1 0
5 81
4 67
6 7
8 81
5 32
4 21
4 88
6 84
2 11
5 92
9 70
10 70
9 63
8 67
1 87
4 45
5 68
3 15
2 47
3 88
9 58
2 7
8 53
2 52
5 63
5 84
7 20
6 71
6 21
5 57
10 93
5 76
10 9
5 64
7 96
3 66
1 77
10 66
7 70
3 78
6 89
5 8
8 4
7 61
8 57
8 13
2 13
5 51
10 18
3 15
10 50
3 71
10 78
4 80
5 51
9 62
3 7
3 33
4 1
6 48
1 16
6 91
3 26
5 89
7 36
3 61
9 87
3 94
9 71
1 67
3 97
2 43
2 55
1 49
3 41
6 97
4 18
1 18
3 19
4 85
3 5
3 30
4 41
5 95
8 58
10 29
6 31
2 54
4 75
10 11
9 99
10 73
9 23
10 3
3 63
7 28
2 61
6 93
8 69
5 69
6 71
3 4
5 94
6 35
10 10
5 8
6 72
4 71
6 11
9 100
7 35
10 1
9 80
9 77
6 88
7 41
3 41
5 87
7 69
3 3
2 87
2 97
6 15
1 67
4 93
4 33
8 19
9 49
3 24
4 99
1 63
3 19
4 31
6 21
2 11
1 29
2 95
6 10
8 9
8 81
8 32
6 15
6 98
6 81
4 15
6 29
7 83
7 99
8 24
3 19
7 83
9 55
3 62
10 20
10 46
10 80
1 50
8 0
4 99
10 52
6 51
2 92
3 58
7 41
4 57
1 39
10 69
1 82
5 1
8 75
2 1
5 10
9 97
3 40
1 88
5 24
10 2
5 50
6 86
5 92
5 21
10 29
2 84
2 67
2 18
8 93
10 12
7 7
4 4
10 99
2 93
5 28
1 27
7 76
8 61
4 92
8 80
1 91
2 88
5 89
8 60
8 3
1 57
10 68
4 99
5 57
4 58
1 61
3 37
6 52
10 81
2 91
3 80
8 55
1 69
4 91
7 12
4 47
2 43
8 16
3 35
1 59
5 27
2 99
4 19
6 91
3 9
7 90
2 8
3 9
8 43
3 72
3 82
8 17
1 68
8 27
5 53
2 80
9 50
6 74
2 100
3 62
8 61
4 1
10 29
4 85
6 39
9 28
10 14
2 55
1 49
2 78
1 43
1 61
8 20
8 22
3 1
5 2
3 55
10 55
5 37
3 18
1 84
5 2
8 69
6 50
5 79
7 19
4 59
6 41
7 38
8 22
4 85
5 31
9 15
10 42
1 67
2 36
5 29
9 14
4 49
3 58
4 22
3 95
5 41
6 100
7 37
5 43
2 52
10 8
10 67
9 70
4 3
7 53
10 83
10 0
3 66
8 49
1 78
7 40
1 87
9 88
7 68
4 71
6 10
2 64
7 66
7 28
5 52
5 1
10 47
2 14
8 50
2 43
10 90
5 30
5 53
1 82
9 43
1 27
9 45
2 54
1 66
3 55
9 76
2 55
9 92
4 69
6 77
10 3
2 95
6 16
1 39
7 58
3 5
5 76
8 11
4 79
7 34
3 52
6 97
9 3
2 51
7 34
7 25
4 77
8 42
3 96
4 30
5 14
6 22
8 68
3 59
4 92
1 1
7 70
5 79
1 96
6 88
8 20
8 63
10 44
6 36
8 84
1 31
3 65
5 13
1 40
9 83
8 39
4 91
1 35
1 4
7 18
9 65
8 67
6 59
5 33
8 4
8 56
9 43
4 8
6 8
1 51
8 74
8 70
8 27
3 11
2 71
7 29
2 1
10 100
9 40
1 28
5 44
4 57
1 73
7 39
9 33
8 4
3 26
8 43
1 20
7 61
7 67
9 62
8 95
10 56
2 87
10 87
9 99
7 55
10 14
6 88
9 37
7 27
7 57
5 16
8 2
7 61
6 32
8 91
6 10
9 85
5 5
1 79
10 73
8 33
6 12
6 40
9 11
1 34
7 63
7 46
5 46
2 62
5 95
10 56
8 56
1 59
8 40
4 20
1 4
2 23
9 73
4 35
1 75
3 25
1 63
8 19
5 7
4 35
8 46
4 57
5 45
6 20
5 66
5 6
9 62
7 37
10 53
8 75
5 27
6 16
1 68
4 5
1 78
2 32
6 37
9 19
6 22
9 77
2 74
6 9
6 18
6 27
5 58
8 64
1 40
9 91
10 67
3 28
6 28
7 78
7 47
8 97
4 91
4 91
3 47
9 74
5 30
4 71
1 6
9 47
7 30
5 42
8 37
7 30
6 9
6 30
4 43
10 2
1 0
5 63
2 14
6 64
1 21
3 98
9 78
4 43
1 76
1 43
3 16
5 54
3 17
10 93
4 15
8 6
10 46
3 5
9 36
4 80
2 85
6 2
8 94
5 30
4 2
9 26
7 71
6 20
1 77
5 58
8 60
5 52
6 48
1 35
9 99
7 81
2 64
7 49
1 32
10 90
6 74
6 53
4 98
10 61
8 84
2 34
10 98
4 86
4 36
2 9
9 78
1 15
3 85
7 1
3 53
2 13
10 98
10 10
1 93
4 92
9 64
2 36
10 74
8 71
6 70
9 34
3 77
5 51
2 99
7 91
4 84
1 28
2 64
6 49
6 16
5 55
2 77
7 88
3 50
3 42
9 16
7 77
4 6
2 97
9 64
9 44
5 42
1 96
8 14
4 21
4 74
8 28
2 0
9 57
10 49
4 20
7 5
9 63
5 93
7 88
7 55
1 90
8 20
9 8
8 15
5 100
8 80
3 13
1 15
7 53
5 70
10 22
1 67
2 46
3 92
3 90
3 58
2 50
3 35
3 77
5 63
10 84
7 55
7 57
4 45
7 71
9 33
3 92
10 36
2 55
4 43
7 23
3 45
3 21
9 65
2 81
1 13
5 29
2 61
9 29
5 74
8 42
5 32
2 63
7 48
2 39
4 35
8 68
2 43
10 9
1 27
7 90
4 65
10 62
8 35
8 42
6 67
1 2
10 40
6 33
7 89
6 24
9 60
7 43
6 34
8 89
9 6
10 23
8 51
2 5
9 64
3 97
5 40
10 98
1 81
1 67
1 42
2 90
4 29
1 74
6 29
8 97
5 77
10 48
7 6
7 98
3 77
2 87
10 38
10 67
1 11
4 17
6 61
7 5
4 24
7 42
10 36
10 65
7 53
1 85
2 21
1 3
4 38
1 45
7 92
10 57
1 99
9 92
4 98
5 50
1 17
5 49
6 19
9 29
1 67
6 13
3 77
4 55
1 14
7 74
9 78
2 84
5 13
7 11
6 41
1 67
4 12
7 14
10 65
2 44
4 76
7 51
10 71
8 46
1 92
7 61
9 92
4 70
6 13
5 62
5 5
10 57
4 83
3 63
10 74
3 34
4 15
8 48
3 25
7 47
2 99
10 35
9 62
4 36
2 64
5 6
1 27
4 35
6 34
2 57
7 39
2 69
3 74
7 64
7 3
3 23
7 86
10 15
7 75
8 12
7 39
9 54
1 73
1 0
7 75
2 8
8 17
2 52
10 5
6 39
4 94
2 23
3 16
9 4
5 35
9 45
2 29
1 60
6 38
9 10
3 10
5 2
5 56
8 77
2 37
2 72
4 41
9 21
6 11
1 63
10 15
8 8
9 79
6 91
2 69
7 88
5 17
1 28
1 78
9 62
1 43
5 41
3 73
9 56
3 77
2 62
4 11
1 84
9 45
3 0
6 63
7 45
3 38
8 78
2 43
1 74
10 13
3 18
5 31
4 61
1 2
10 18
9 9
7 84
10 9
2 14
8 66
3 22
10 45
2 57
9 77
4 89
8 16
8 70
3 1
4 38
3 47
1 6
8 83
4 83
1 43
2 13
8 4
2 36
6 52
7 52
10 23
3 97
4 70
9 33
1 32
4 28
7 46
8 50
8 32
3 53
5 94
4 67
1 58
8 5
8 66
7 27
4 33
4 5
9 82
2 32
9 4
2 80
1 100
5 37
2 65
9 71
5 28
7 60
3 60
5 78
5 40
9 86
9 19
5 56
3 22
8 94
4 89
5 56
4 47
9 63
3 11
4 18
4 6
3 38
7 10
9 46
5 70
10 98
1 31
2 43
1 17
3 61
2 98
7 52
4 35
5 71
4 55
4 64
4 48
8 79
2 50
6 23
9 48
7 10
5 26
1 78
10 83
2 92
7 85
5 94
7 3
6 17
3 6
10 95
1 82
9 98
9 91
4 14
7 20
6 12
1 47
7 65
1 1
6 21
4 30
1 51
9 6
9 13
4 52
3 58
5 72
3 64
8 24
6 38
8 11
4 29
4 19
8 18
7 32
3 8
5 85
6 70
4 11
1 28
1 96
1 3
3 76
5 52
8 92
3 60
5 20
2 20
4 62
5 87
6 63
9 33
4 74
7 27
10 5
4 32
8 14
4 70
2 9
5 66
6 61
7 65
6 95
3 71
5 57
4 93
3 61
10 50
3 0
8 93
1 31
2 20
1 12
2 71
8 75
9 59
10 27
8 29
3 77
5 55
2 34
4 28
1 0
7 62
1 1
10 44
8 52
9 22
2 8
5 5
8 39
10 2
4 21
8 7
3 38
2 21
10 79
2 36
9 47
2 27
10 22
5 89
6 63
10 52
3 85
8 39
4 53
4 43
6 66
3 41
5 72
10 46
5 82
1 50
5 87
3 60
2 80
6 94
2 41
10 4
10 7
7 53
10 69
4 16
8 44
10 44
2 8
9 61
1 91
8 23
9 49
4 12
6 95
1 67
3 19
5 9
3 0
3 98
5 37
6 80
3 31
1 9
1 69
2 40
2 4
1 64
4 81
3 52
4 68
10 5
3 36
4 85
6 46
5 9
4 49
4 71
4 48
7 80
1 20
2 33
4 27
7 37
5 61
2 13
9 77
6 27
1 100
1 18
9 46
5 44
2 69
5 43
4 75
9 79
3 69
5 82
2 48
1 17
7 44
4 2
9 60
1 20
1 36
7 30
10 57
7 73
10 8
10 43
10 81
10 11
3 93
7 60
9 8
10 60
3 28
9 68
10 91
2 98
3 8
8 11
8 27
3 77
2 48
2 23
3 31
6 12
7 12
9 83
10 0
6 17
2 60
6 100
6 97
3 29
2 58
7 54
4 13
10 69
2 89
10 30
6 72
9 85
1 74
8 83
8 1
2 46
3 38
4 91
7 98
9 57
6 0
9 5
4 94
4 94
1 31
5 19
5 36
5 99
9 97
7 48
9 84
7 99
4 87
4 43
10 62
6 13
1 15
1 39
2 13
9 83
4 32
6 15
8 69
4 38
4 4
5 62
5 27
5 80
6 59
10 58
4 60
10 35
7 91
3 4
3 22
9 67
8 24
3 12
5 41
5 56
1 32
9 56
10 38
5 56
8 95
5 76
9 92
6 82
6 24
7 41
4 36
7 3
6 74
10 5
5 23
5 22
8 4
5 79
10 98
7 96
5 57
4 81
4 43
8 28
8 31
2 3
3 52
4 100
10 6
9 73
8 67
8 88
4 66
8 64
2 24
8 95
1 79
10 58
3 23
10 50
1 74
3 90
4 57
6 38
7 75
1 9
3 63
5 31
8 23
2 39
5 54
8 97
10 31
3 78
10 25
8 93
1 95
9 47
5 36
7 38
5 12
2 90
3 22
10 70
8 41
7 89
8 87
3 6
2 15
8 66
9 85
7 61
10 96
9 7
7 18
1 40
6 8
2 89
9 96
3 44
5 58
1 81
8 9
5 30
4 51
6 63
2 66
2 56
6 81
5 13
4 36
2 66
8 59
8 11
8 76
9 40
6 29
7 98
9 41
3 15
10 63
3 35
10 29
9 74
1 33
6 12
7 74
10 41
1 16
4 77
4 10
8 46
1 9
7 18
4 64
5 40
9 7
5 61
6 97
3 13
10 5
2 89
4 61
4 2
9 14
4 0
10 39
10 52
1 41
6 87
4 28
2 41
9 28
5 53
2 68
9 92
2 16
6 97
7 6
2 61
1 28
7 53
5 21
6 47
5 9
5 85
4 59
9 41
3 42
1 41
1 7
10 53
10 53
9 66
6 74
9 81
4 75
2 18
9 19
5 92
4 72
9 62
7 99
8 42
7 3
5 51
8 42
1 22
9 20
7 39
4 96
10 11
7 86
5 24
6 96
4 20
5 28
3 25
2 81
4 48
8 79
9 12
5 3
8 92
1 71
5 19
2 38
6 33
10 77
10 27
5 41
4 51
4 73
4 47
3 34
1 7
10 30
1 55
7 98
9 62
1 79
10 44
5 81
3 81
4 6
1 55
10 94
9 39
9 70
7 9
7 65
1 54
4 42
2 21
8 73
4 66
3 35
9 6
6 88
4 47
10 91
3 27
10 70
7 48
10 36
3 36
9 22
8 52
2 12
4 65
1 59
5 14
1 59
5 82
10 10
6 60
2 25
4 73
6 23
5 80
6 74
8 100
5 58
6 39
5 39
7 97
8 85
3 50
8 18
4 33
9 100
7 99
3 80
10 37
3 88
2 91
9 9
8 16
10 10
9 76
5 18
8 37
1 78
1 62
5 60
1 16
6 57
5 98
5 49
2 30
7 43
2 59
9 18
1 70
4 55
9 20
5 14
1 50
1 1
5 45
3 75
3 40
10 4
3 47
5 39
5 44
8 76
6 39
1 9
6 23
1 31
9 86
3 49
10 55
4 44
8 89
7 19
7 36
3 43
1 87
2 59
7 95
7 49
1 85
9 16
9 40
8 13
1 35
3 26
9 52
1 100
2 100
3 33
9 70
1 1
4 15
10 21
3 73
9 26
8 95
5 4
2 2
4 76
10 65
6 29
9 94
3 51
9 56
1 21
8 10
10 20
3 94
8 53
9 66
1 79
5 86
8 39
3 71
9 17
7 56
10 29
5 22
1 100
2 29
1 84
9 72
2 49
2 28
7 68
2 38
4 14
8 48
6 4
2 73
2 10
8 87
9 63
4 12
9 97
6 72
1 64
1 1
8 44
8 39
2 62
10 86
3 68
9 53
2 65
2 31
3 73
8 15
1 98
3 9
2 39
3 25
3 9
6 64
4 21
1 70
9 20
4 89
10 15
2 26
2 38
7 89
4 70
4 48
3 36
7 23
7 60
9 71
1 26
3 11
7 16
2 44
7 35
5 69
3 56
7 44
6 77
4 48
9 53
2 43
1 12
3 80
2 97
1 69
9 12
9 65
3 31
8 21
5 6
2 92
2 99
5 70
6 43
8 52
8 72
4 84
5 22
4 41
8 93
7 61
1 64
1 10
3 93
10 88
5 15
3 76
5 73
8 96
8 51
9 20
7 29
6 56
1 36
8 59
5 81
2 64
7 14
6 22
4 37
2 8
4 53
3 98
4 70
5 85
4 72
1 74
10 18
8 61
4 47
1 35
2 57
7 34
5 21
6 9
3 44
7 100
2 54
9 25
8 19
4 78
7 24
3 56
10 8
3 91
7 72
2 7
10 52
10 83
4 96
3 50
8 38
8 54
4 88
8 29
5 89
3 70
8 35
7 55
10 0
4 24
9 75
9 30
5 95
4 25
5 14
3 16
4 92
10 97
9 45
8 40
4 35
3 49
8 83
1 6
9 63
7 84
5 50
2 33
8 34
9 42
7 65
5 16
10 32
5 60
9 11
2 44
2 8
10 40
7 98
9 50
7 46
10 55
2 11
9 76
1 47
1 55
6 42
6 13
7 96
10 100
2 91
9 92
9 25
3 47
7 45
6 91
2 6
1 35
4 23
7 79
1 15
3 6
4 95
2 5
3 2
8 0
2 32
6 19
2 55
7 43
7 78
10 76
1 2
9 68
9 27
3 37
8 15
1 13
1 42
6 42
1 6
8 18
7 90
3 27
5 78
9 91
1 45
6 6
10 47
1 48
3 15
5 89
9 8
3 3
4 95
10 24
8 57
9 36
2 9
5 51
10 9
6 30
5 34
3 2
8 27
1 69
4 24
3 96
9 19
8 3
3 29
10 9
10 38
9 99
2 54
1 27
9 89
2 37
9 55
3 11
9 8
2 89
1 49
6 43
9 5
2 79
10 17
3 40
7 56
8 61
5 8
3 30
3 36
8 56
6 74
2 40
8 26
7 64
4 75
2 7
1 58
5 35
3 69
8 88
6 46
8 1
8 60
6 6
4 9
1 1
10 47
1 58
4 78
9 79
3 31
6 79
10 13
2 69
6 3
6 17
7 91
2 95
4 3
9 96
6 31
8 4
1 43
6 61
4 99
4 89
6 99
2 96
5 30
10 48
10 63
2 6
7 57
4 16
8 67
9 35
10 23
10 53
4 88
1 73
4 37
4 20
1 83
5 81
6 2
3 51
3 13
2 86
9 37
10 45
10 85
2 94
4 69
8 76
4 18
4 68
8 38
8 37
6 81
5 62
4 85
9 30
5 0
10 14
8 93
6 82
7 50
7 55
4 3
8 32
6 2
4 0
7 10
8 100
8 71
5 18
3 1
3 39
10 72
1 71
3 71
6 62
9 83
8 19
3 43
2 50
9 44
5 67
5 26
8 99
2 9
6 52
10 87
4 44
7 68
7 27
6 90
7 96
1 80
7 77
10 83
8 29
8 81
8 82
7 0
7 65
9 16
6 94
10 37
9 23
7 85
6 74
6 69
6 52
7 43
8 72
5 36
5 92
9 3
9 48
8 50
2 1
4 37
5 73
2 23
4 74
10 60
5 91
9 24
8 77
5 15
4 56
4 93
1 41
3 7
5 15
6 58
4 41
3 81
7 94
9 25
10 97
6 15
3 86
7 82
8 84
9 43
3 79
6 25
1 29
10 75
7 13
2 85
2 43
7 82
4 80
1 82
6 35
1 41
1 28
5 29
9 26
8 84
5 72
4 68
1 56
8 93
2 1
10 96
8 59
9 30
1 96
9 63
8 58
3 50
10 46
6 100
7 43
10 9
1 99
6 92
10 5
10 76
4 54
10 44
7 71
7 88
8 43
2 4
6 48
5 65
9 59
9 62
2 44
2 48
10 26
6 91
9 3
9 69
10 75
4 32
4 30
10 97
1 44
8 61
1 67
8 76
4 83
2 6
9 21
7 11
7 90
4 40
8 48
9 17
9 7
2 98
5 40
3 29
6 98
5 93
6 41
2 100
4 47
9 90
3 55
2 89
9 19
8 20
3 33
9 99
8 13
2 3
10 24
6 9
4 71
5 17
9 5
5 23
1 92
6 89
6 58
9 54
3 3
7 49
1 16
4 64
8 2
6 82
4 31
4 55
4 28
9 8
7 97
5 8
8 67
5 51
1 1
3 35
7 68
6 10
9 81
5 18
9 99
10 29
5 0
3 74
3 31
10 36
2 72
7 73
6 46
9 55
6 39
4 18
8 29
8 45
1 43
5 27
10 88
8 85
1 77
7 78
4 88
2 4
2 89
9 27
2 30
3 76
8 34
3 39
1 57
4 5
8 50
9 27
7 60
4 40
7 74
8 38
6 92
2 46
1 84
9 18
9 6
1 86
1 24
6 56
2 67
3 57
9 20
7 54
2 8
8 3
2 68
8 85
2 38
10 5
1 86
10 2
1 72
4 83
1 34
9 99
10 18
2 15
1 45
1 78
4 25
8 54
6 14
2 89
1 67
5 52
10 79
4 63
9 64
1 20
2 1
9 30
2 88
2 16
3 27
1 16
7 54
7 10
10 54
7 60
5 15
8 41
1 87
2 27
8 29
3 79
2 60
9 0
7 57
9 46
5 33
3 69
8 54
1 62
2 93
7 57
5 69
4 20
6 33
8 48
8 54
8 65
9 67
9 36
5 36
3 85
2 78
6 71
6 4
9 99
6 14
10 85
6 36
3 11
4 24
3 11
1 57
4 29
9 32
4 7
9 60
1 90
9 15
7 34
8 19
5 35
4 66
7 29
3 91
6 78
2 49
5 8
7 33
5 50
4 1
3 93
9 26
9 78
7 38
4 98
9 48
8 58
2 55
4 40
4 20
4 17
8 90
8 85
9 45
5 33
4 2
9 85
5 18
7 29
3 92
2 94
9 18
1 60
9 66
5 75
10 12
3 13
2 2
4 19
7 70
8 70
9 54
8 100
4 10
9 78
6 10
5 34
1 9
7 88
7 31
6 92
2 80
3 19
6 45
9 43
5 62
9 4
6 27
10 27
5 93
2 95
10 60
10 78
5 34
8 79
7 77
1 82
10 81
7 12
8 64
5 25
3 42
6 23
8 99
7 64
7 8
10 63
7 89
7 20
2 32
1 68
9 56
6 28
9 7
4 14
9 12
10 14
7 63
5 35
9 61
6 64
4 87
5 22
7 78
10 84
9 2
5 57
2 41
2 94
3 19
5 52
1 43
6 98
3 15
2 89
4 80
8 60
3 6
8 46
3 28
2 65
9 5
4 74
7 28
3 35
3 50
9 37
2 86
3 39
8 54
10 83
8 1
4 58
3 31
1 96
8 52
5 16
2 22
7 82
6 82
8 31
6 17
10 3
9 68
9 28
10 72
6 25
1 30
5 24
2 4
8 90
2 66
1 92
6 96
1 72
3 71
5 51
3 21
1 31
7 30
9 40
3 86
5 44
8 6
1 52
7 54
10 54
5 35
9 44
1 44
8 12
6 80
8 49
6 37
2 4
4 2
4 7
10 18
2 56
4 77
8 22
9 22
7 31
8 2
8 25
4 61
8 17
8 69
5 72
8 24
6 43
7 56
4 24
3 40
10 27
7 20
4 20
1 51
1 61
7 56
2 50
4 28
5 87
6 6
5 74
7 18
1 31
4 62
8 78
1 47
1 16
4 30
8 61
1 39
1 51
4 41
5 29
3 98
8 52
3 87
3 71
2 10
9 32
3 62
1 4
9 79
5 94
4 1
4 83
5 89
6 44
9 71
4 46
10 2
4 75
7 38
10 51
1 25
10 100
4 66
7 23
5 12
9 50
8 15
3 78
4 13
8 50
5 40
10 94
7 71
3 39
2 53
6 60
2 49
10 9
5 4
10 16
9 80
10 16
10 95
6 38
2 93
1 70
1 99
3 8
2 20
2 51
3 22
8 33
2 98
1 95
3 83
5 86
9 35
2 14
1 13
5 31
3 26
8 19
2 40
3 16
4 24
1 27
4 82
5 65
9 44
7 87
6 80
7 36
9 86
7 52
5 83
3 95
10 44
9 19
9 42
3 17
10 88
6 6
5 59
3 93
5 77
4 23
2 55
10 42
4 3
7 81
8 13
3 90
5 94
7 82
6 7
10 30
8 5
1 93
6 62
9 37
8 33
9 29
1 41
6 35
8 14
6 92
5 4
10 36
9 53
7 77
10 61
9 69
5 76
4 53
4 47
7 4
4 60
2 27
3 72
9 49
2 13
8 40
6 75
10 72
8 39
2 69
1 86
5 4
1 34
6 1
10 68
1 72
9 77
8 20
3 34
9 97
1 57
4 73
9 67
9 66
5 72
3 63
1 13
6 16
6 49
5 76
4 54
10 98
5 45
10 33
9 22
4 61
9 97
2 100
6 20
1 67
4 86
10 20
10 53
7 3
7 1
3 87
10 17
4 66
3 30
4 68
9 95
8 1
8 25
4 1
2 1
6 51
7 15
1 98
5 82
2 6
6 45
6 61
5 44
7 49
9 15
5 97
3 27
3 10
5 57
7 26
1 81
1 13
4 38
3 42
6 91
2 90
1 87
8 71
8 89
5 44
3 69
2 67
9 95
10 99
10 33
8 21
9 100
3 55
4 3
7 82
2 99
2 44
1 69
7 45
5 42
2 46
2 83
2 76
7 12
3 57
10 22
9 79
8 36
4 38
4 38
6 38
3 40
5 15
6 90
3 1
2 39
9 97
6 45
5 21
8 46
9 3
7 93
3 97
1 95
8 38
1 73
10 63
3 100
5 17
1 59
1 61
9 78
6 87
2 73
3 45
5 3
8 65
10 41
8 37
10 52
5 24
1 99
5 62
8 24
7 6
7 53
1 67
10 41
7 80
8 20
3 26
9 40
6 76
10 13
8 33
9 15
3 4
7 37
1 77
7 13
10 96
4 20
3 8
1 1
3 88
3 61
8 10
4 69
10 82
4 84
7 98
4 20
7 31
6 28
10 39
1 26
4 27
10 48
7 17
3 20
7 13
10 52
9 9
5 39
5 48
7 32
3 54
2 80
7 32
6 66
2 9
9 46
2 6
6 13
3 37
3 35
5 3
4 76
5 48
2 84
8 38
5 97
10 22
8 10
7 44
6 87
5 94
2 67
8 91
9 91
5 4
3 32
7 66
9 88
5 31
7 23
2 27
6 62
3 7
3 75
4 95
8 70
6 52
5 90
5 30
9 79
5 46
2 25
5 78
5 51
2 29
7 60
6 97
5 39
6 57
9 72
6 62
2 12
2 4
5 85
2 67
7 13
5 76
1 74
10 13
8 38
1 65
7 67
4 70
7 54
6 0
7 88
8 99
2 74
7 38
10 74
8 46
3 15
10 67
6 88
9 26
4 57
1 43
8 89
6 30
7 100
4 20
1 93
10 75
1 0
6 10
5 38
8 53
9 100
6 24
1 99
2 20
1 37
10 75
1 92
8 1
6 16
10 98
6 74
8 4
1 41
10 28
3 98
4 10
6 53
2 82
4 82
8 99
2 87
10 9
5 71
4 99
3 21
1 66
1 50
9 65
9 44
6 11
9 18
4 93
3 15
8 5
1 97
8 79
4 8
6 24
1 15
7 93
1 78
3 68
10 88
5 86
2 87
8 72
2 49
3 4
10 21
2 81
7 99
3 84
8 4
5 36
3 70
3 35
10 26
6 60
10 47
7 13
1 52
9 41
3 65
7 79
4 83
8 84
3 70
8 46
3 11
8 97
8 91
7 41
4 98
6 9
3 39
10 31
4 40
1 18
5 4
9 65
8 62
2 43
5 30
1 51
7 82
4 21
6 7
4 73
1 10
9 34
5 82
7 44
5 72
5 57
1 19
8 83
4 69
5 79
1 93
1 13
1 2
3 25
8 95
4 29
9 3
6 60
4 52
4 31
8 42
2 10
5 44
2 67
10 50
4 20
4 89
2 63
4 77
1 9
6 5
9 71
4 47
8 67
8 47
4 7
1 83
6 73
8 52
6 29
4 75
2 77
5 78
8 73
2 48
3 48
1 68
6 83
5 4
7 75
6 100
4 90
3 60
10 97
9 23
2 9
7 87
9 63
6 59
6 47
5 55
8 65
10 13
4 29
5 90
6 10
6 98
8 0
5 77
10 59
10 27
7 20
9 36
8 51
2 4
4 41
7 74
10 21
4 92
5 15
2 50
1 54
3 73
7 70
8 29
6 57
1 45
9 35
4 62
7 93
6 54
1 40
5 2
7 51
8 27
3 9
4 53
6 99
8 14
8 34
6 43
1 88
7 73
2 97
7 87
9 89
6 40
2 80
8 50
6 88
1 57
4 79
5 100
2 59
4 31
9 69
5 63
6 39
3 95
5 28
3 56
7 67
10 94
1 100
9 74
2 33
6 84
9 25
7 50
3 67
7 41
4 7
8 9
8 85
1 68
4 3
1 78
2 82
2 8
7 77
2 54
5 93
9 26
6 57
7 83
5 93
5 26
4 47
2 46
8 63
4 77
5 19
2 60
6 12
3 54
5 15
9 5
2 77
10 84
4 32
3 64
10 74
1 69
6 28
10 74
2 3
1 78
8 26
6 50
4 14
7 62
3 26
8 23
5 52
10 55
6 81
6 27
6 80
4 39
10 67
