50
4 6 4
1 4 2 1
100 10 1
1
5 5 10
2 4 2 3 4 2 1 2 1 3
1 1 1
1
100 2 2
1 2
1000 100 10
4 3 9 1 2 5 6 9 1 10
1 10 10
4 3 4 1 2 5 6 9 1 10
1 10 9
1 1 1 1 1 1 1 1 1
1000 10 9
1 1 1 1 1 1 1 1 1
934 9 10
8 8 8 8 8 8 8 8 8 8
734 3 10
1 2 3 3 2 1 1 2 3 1
345 19 10
10 10 10 10 10 10 10 10 10 10
765 10 10
10 1 10 1 10 1 10 1 10 1
1000 100 10
10 10 10 10 10 10 10 10 10 10
734 20 10
1 2 3 4 5 6 7 8 9 10
631 16 10
10 9 8 7 6 5 4 3 2 1
2 5 8
2 1 5 1 4 5 2 4
4 7 5
2 6 5 7 2
4 9 7
1 1 4 8 4 3 9
3 8 5
7 6 5 8 3
169 9 10
3 1 4 3 8 6 4 4 9 9
298 9 9
4 4 2 2 5 3 1 4 1
114 8 10
5 2 6 4 4 5 4 6 1 1
629 14 10
5 10 6 3 6 10 7 6 10 5
7 22 9
2 1 3 8 10 3 5 10 2
7 25 9
1 7 4 3 6 1 7 8 8
6 24 9
8 3 6 2 5 10 10 9 10
8 25 10
8 2 1 9 1 6 6 2 2 9
95 19 9
6 6 5 7 7 8 6 6 9
105 11 10
6 6 8 7 8 9 9 9 9 5
299 36 10
7 8 5 7 9 8 6 7 5 5
139 23 8
6 9 9 9 8 7 7 8
24 50 8
9 9 5 9 5 6 6 8
81 56 9
7 6 5 9 6 6 6 6 5
237 11 8
8 6 5 7 6 5 7 7
221 43 9
7 8 5 8 8 9 6 8 6
527 78 8
5 6 7 8 8 6 9 6
782 98 7
8 5 7 7 7 8 5
952 78 5
7 5 9 8 8
298 50 5
7 7 7 9 6
321 95 9
7 6 5 6 8 5 7 5 7
920 6 9
6 6 5 5 6 6 5 6 6
402 95 7
9 8 6 7 8 6 7
393 33 9
6 7 7 8 7 6 9 9 6
873 77 8
9 5 9 9 9 9 6 8
917 63 6
5 9 6 8 6 6
251 94 7
9 5 7 6 6 8 5
283 77 8
5 5 5 9 7 9 8 8
613 18 5
5 7 9 6 5
719 85 7
6 8 6 6 5 7 9
